Radius   Mass(r<R) logRho   Lum.     Temp.    logPres. logOpac.
1.017491 1.000000000  -6.8199   1.0404 5785.8992   4.7469  -0.4986
1.017489 1.000000000  -6.8159   1.0404 5793.5554   4.7515  -0.4919
1.017486 1.000000000  -6.8109   1.0404 5803.5686   4.7573  -0.4833
1.017484 1.000000000  -6.8035   1.0404 5818.8105   4.7658  -0.4704
1.017479 1.000000000  -6.7929   1.0404 5841.9078   4.7781  -0.4511
1.017472 1.000000000  -6.7818   1.0404 5868.0931   4.7911  -0.4296
1.017466 1.000000000  -6.7697   1.0404 5899.1253   4.8056  -0.4047
1.017459 1.000000000  -6.7567   1.0404 5935.7281   4.8212  -0.3760
1.017452 1.000000000  -6.7454   1.0404 5970.9272   4.8351  -0.3490
1.017446 1.000000000  -6.7355   1.0404 6004.2512   4.8474  -0.3240
1.017440 1.000000000  -6.7261   1.0404 6038.9817   4.8593  -0.2984
1.017434 1.000000000  -6.7171   1.0404 6075.2085   4.8709  -0.2721
1.017429 1.000000000  -6.7071   1.0404 6119.3451   4.8841  -0.2406
1.017421 1.000000000  -6.6963   1.0404 6172.8899   4.8987  -0.2029
1.017414 1.000000000  -6.6814   1.0404 6258.4406   4.9196  -0.1437
1.017401 1.000000000  -6.6681   1.0404 6356.2717   4.9396  -0.0777
1.017394 1.000000000  -6.6601   1.0404 6426.2567   4.9525  -0.0318
1.017388 1.000000000  -6.6527   1.0404 6501.5717   4.9650   0.0154
1.017381 1.000000000  -6.6476   1.0404 6562.3479   4.9741   0.0517
1.017378 1.000000000  -6.6445   1.0404 6604.3671   4.9801   0.0759
1.017375 1.000000000  -6.6400   1.0404 6669.7527   4.9889   0.1123
1.017369 1.000000000  -6.6346   1.0404 6763.5832   5.0004   0.1627
1.017363 1.000000000  -6.6299   1.0404 6864.5931   5.0116   0.2156
1.017357 1.000000000  -6.6269   1.0404 6946.1419   5.0198   0.2580
1.017354 1.000000000  -6.6251   1.0404 7002.5376   5.0252   0.2876
1.017351 1.000000000  -6.6227   1.0404 7090.3341   5.0331   0.3343
1.017345 1.000000000  -6.6201   1.0404 7215.6875   5.0435   0.4029
1.017339 1.000000000  -6.6180   1.0404 7347.5513   5.0537   0.4784
1.017333 1.000000000  -6.6162   1.0404 7482.7686   5.0636   0.5590
1.017327 1.000000000  -6.6146   1.0404 7617.5777   5.0733   0.6410
1.017321 1.000000000  -6.6128   1.0404 7748.8690   5.0828   0.7201
1.017316 1.000000000  -6.6100   1.0404 7937.6650   5.0966   0.8323
1.017304 1.000000000  -6.6064   1.0404 8107.3957   5.1100   0.9316
1.017298 1.000000000  -6.6037   1.0404 8214.3015   5.1187   0.9933
1.017293 1.000000000  -6.6010   1.0404 8315.2728   5.1273   1.0510
1.017287 1.000000000  -6.5980   1.0404 8410.7259   5.1357   1.1050
1.017281 1.000000000  -6.5934   1.0404 8546.2527   5.1480   1.1807
1.017270 1.000000000  -6.5867   1.0404 8709.0351   5.1638   1.2702
1.017259 1.000000000  -6.5810   1.0404 8829.1090   5.1763   1.3351
1.017252 1.000000000  -6.5765   1.0404 8916.3664   5.1856   1.3816
1.017246 1.000000000  -6.5699   1.0404 9040.3162   5.1993   1.4467
1.017233 1.000000000  -6.5607   1.0404 9189.5873   5.2169   1.5238
1.017220 1.000000000  -6.5537   1.0404 9291.5749   5.2296   1.5757
1.017213 1.000000000  -6.5491   1.0404 9356.6511   5.2379   1.6085
1.017207 1.000000000  -6.5422   1.0404 9450.2349   5.2500   1.6551
1.017195 1.000000000  -6.5330   1.0404 9565.4565   5.2657   1.7117
1.017183 1.000000000  -6.5240   1.0404 9672.4510   5.2808   1.7636
1.017171 1.000000000  -6.5150   1.0404 9772.2951   5.2955   1.8111
1.017159 1.000000000  -6.5062   1.0404 9865.8720   5.3096   1.8550
1.017148 1.000000000  -6.4975   1.0404 9953.9144   5.3233   1.8957
1.017137 1.000000000  -6.4889   1.0404 10037.0354   5.3366   1.9334
1.017126 1.000000000  -6.4805   1.0404 10115.7529   5.3495   1.9686
1.017115 1.000000000  -6.4683   1.0404 10227.8855   5.3681   2.0179
1.017094 1.000000000  -6.4562   1.0404 10329.7489   5.3860   2.0618
1.017084 1.000000000  -6.4484   1.0404 10394.6837   5.3975   2.0893
1.017074 1.000000000  -6.4370   1.0404 10487.9997   5.4143   2.1283
1.017055 1.000000000  -6.4258   1.0404 10574.0932   5.4304   2.1638
1.017045 1.000000000  -6.4185   1.0404 10629.3535   5.4408   2.1863
1.017036 1.000000000  -6.4079   1.0404 10709.2762   5.4560   2.2184
1.017018 1.000000000  -6.3942   1.0404 10808.7377   5.4754   2.2578
1.017000 1.000000000  -6.3809   1.0404 10902.0095   5.4940   2.2940
1.016983 1.000000000  -6.3680   1.0404 10989.8402   5.5119   2.3276
1.016967 1.000000000  -6.3556   1.0404 11072.8473   5.5290   2.3587
1.016950 1.000000000  -6.3436   1.0404 11151.5459   5.5455   2.3877
1.016935 1.000000000  -6.3263   1.0404 11263.7838   5.5691   2.4282
1.016905 1.000000000  -6.3097   1.0404 11365.9983   5.5915   2.4643
1.016890 1.000000000  -6.2991   1.0404 11431.2428   5.6058   2.4868
1.016876 1.000000000  -6.2837   1.0404 11525.1324   5.6265   2.5187
1.016849 1.000000000  -6.2689   1.0404 11612.0053   5.6462   2.5478
1.016836 1.000000000  -6.2593   1.0404 11667.8487   5.6588   2.5662
1.016823 1.000000000  -6.2455   1.0404 11748.7345   5.6771   2.5924
1.016798 0.999999999  -6.2278   1.0404 11849.6840   5.7004   2.6246
1.016774 0.999999999  -6.2150   1.0404 11920.8748   5.7171   2.6470
1.016762 0.999999999  -6.2068   1.0404 11966.9655   5.7279   2.6614
1.016751 0.999999999  -6.1948   1.0404 12034.1669   5.7436   2.6820
1.016729 0.999999999  -6.1794   1.0404 12119.0398   5.7636   2.7077
1.016707 0.999999999  -6.1646   1.0404 12199.6854   5.7828   2.7318
1.016686 0.999999999  -6.1504   1.0404 12276.5318   5.8012   2.7544
1.016666 0.999999999  -6.1367   1.0404 12349.9462   5.8188   2.7757
1.016647 0.999999999  -6.1235   1.0404 12420.2439   5.8357   2.7958
1.016628 0.999999999  -6.1107   1.0404 12487.6975   5.8520   2.8148
1.016610 0.999999999  -6.0925   1.0404 12584.9658   5.8754   2.8417
1.016575 0.999999999  -6.0751   1.0404 12675.3038   5.8976   2.8664
1.016558 0.999999999  -6.0640   1.0404 12733.4724   5.9117   2.8820
1.016541 0.999999999  -6.0480   1.0404 12817.8571   5.9322   2.9042
1.016509 0.999999999  -6.0276   1.0404 12923.4840   5.9580   2.9316
1.016479 0.999999999  -6.0130   1.0404 12998.1870   5.9764   2.9507
1.016465 0.999999999  -6.0036   1.0404 13046.6202   5.9883   2.9629
1.016450 0.999999999  -5.9877   1.0404 13129.1220   6.0083   2.9835
1.016416 0.999999999  -5.9714   1.0404 13212.0425   6.0288   3.0039
1.016399 0.999999999  -5.9610   1.0404 13265.6758   6.0419   3.0170
1.016383 0.999999999  -5.9459   1.0404 13343.8090   6.0609   3.0357
1.016352 0.999999999  -5.9268   1.0404 13442.3555   6.0849   3.0591
1.016322 0.999999999  -5.9086   1.0404 13535.8994   6.1077   3.0810
1.016293 0.999999998  -5.8955   1.0404 13602.7018   6.1241   3.0964
1.016279 0.999999998  -5.8870   1.0404 13646.2047   6.1347   3.1064
1.016265 0.999999998  -5.8747   1.0404 13709.9883   6.1501   3.1208
1.016238 0.999999998  -5.8588   1.0404 13791.3897   6.1698   3.1391
1.016213 0.999999998  -5.8437   1.0404 13869.4750   6.1887   3.1564
1.016188 0.999999998  -5.8292   1.0404 13944.5270   6.2067   3.1728
1.016164 0.999999998  -5.8153   1.0404 14016.7937   6.2241   3.1884
1.016141 0.999999998  -5.8019   1.0404 14086.4943   6.2408   3.2033
1.016118 0.999999998  -5.7889   1.0404 14153.8238   6.2568   3.2176
1.016096 0.999999998  -5.7765   1.0404 14218.9554   6.2724   3.2312
1.016075 0.999999998  -5.7644   1.0404 14282.0437   6.2873   3.2443
1.016055 0.999999998  -5.7527   1.0404 14343.2269   6.3018   3.2568
1.016034 0.999999998  -5.7359   1.0404 14432.3297   6.3226   3.2749
1.015996 0.999999997  -5.7198   1.0404 14516.5760   6.3425   3.2918
1.015977 0.999999997  -5.7045   1.0404 14598.6076   6.3615   3.3080
1.015941 0.999999997  -5.6897   1.0404 14676.5777   6.3798   3.3232
1.015924 0.999999997  -5.6757   1.0404 14752.6809   6.3973   3.3379
1.015890 0.999999997  -5.6577   1.0404 14849.5541   6.4195   3.3563
1.015858 0.999999997  -5.6447   1.0404 14919.0951   6.4355   3.3694
1.015842 0.999999997  -5.6363   1.0404 14964.4911   6.4459   3.3779
1.015827 0.999999997  -5.6241   1.0404 15031.2043   6.4609   3.3902
1.015797 0.999999997  -5.6085   1.0404 15116.7146   6.4803   3.4059
1.015768 0.999999996  -5.5935   1.0404 15199.0710   6.4988   3.4208
1.015740 0.999999996  -5.5791   1.0404 15278.5244   6.5165   3.4350
1.015713 0.999999996  -5.5653   1.0404 15355.2968   6.5335   3.4486
1.015687 0.999999996  -5.5521   1.0404 15429.5858   6.5500   3.4617
1.015662 0.999999996  -5.5393   1.0404 15501.5678   6.5658   3.4742
1.015637 0.999999996  -5.5269   1.0404 15571.4000   6.5810   3.4862
1.015613 0.999999995  -5.5092   1.0404 15673.1344   6.6029   3.5036
1.015567 0.999999995  -5.4922   1.0404 15769.3941   6.6238   3.5199
1.015545 0.999999995  -5.4814   1.0404 15831.9043   6.6372   3.5303
1.015523 0.999999995  -5.4657   1.0404 15923.3180   6.6565   3.5455
1.015482 0.999999995  -5.4507   1.0404 16010.4117   6.6750   3.5598
1.015462 0.999999994  -5.4410   1.0404 16067.1481   6.6869   3.5690
1.015442 0.999999994  -5.4271   1.0404 16150.3656   6.7042   3.5825
1.015404 0.999999994  -5.4136   1.0404 16230.0842   6.7209   3.5953
1.015386 0.999999994  -5.4049   1.0404 16282.1462   6.7316   3.6036
1.015368 0.999999994  -5.3923   1.0404 16358.6877   6.7472   3.6156
1.015332 0.999999993  -5.3761   1.0404 16456.8765   6.7672   3.6311
1.015299 0.999999993  -5.3606   1.0404 16551.5207   6.7864   3.6458
1.015266 0.999999993  -5.3457   1.0404 16642.9029   6.8047   3.6599
1.015234 0.999999992  -5.3315   1.0404 16731.2730   6.8223   3.6734
1.015204 0.999999992  -5.3178   1.0404 16816.8530   6.8392   3.6863
1.015174 0.999999992  -5.3047   1.0404 16899.8409   6.8554   3.6988
1.015145 0.999999991  -5.2920   1.0404 16980.4135   6.8711   3.7108
1.015118 0.999999991  -5.2739   1.0404 17097.8866   6.8936   3.7280
1.015064 0.999999990  -5.2565   1.0404 17209.2073   6.9150   3.7443
1.015038 0.999999990  -5.2454   1.0404 17281.5512   6.9287   3.7547
1.015013 0.999999990  -5.2295   1.0404 17387.4218   6.9485   3.7698
1.014965 0.999999989  -5.2141   1.0404 17488.4314   6.9674   3.7841
1.014942 0.999999989  -5.2025   1.0404 17567.0060   6.9819   3.7951
1.014910 0.999999988  -5.1894   1.0404 17655.6127   6.9982   3.8074
1.014880 0.999999988  -5.1768   1.0404 17741.7063   7.0139   3.8192
1.014850 0.999999988  -5.1646   1.0404 17825.4499   7.0290   3.8306
1.014821 0.999999987  -5.1528   1.0404 17906.9898   7.0436   3.8416
1.014793 0.999999987  -5.1414   1.0404 17986.4580   7.0577   3.8522
1.014766 0.999999986  -5.1250   1.0404 18102.7329   7.0781   3.8675
1.014713 0.999999985  -5.1042   1.0404 18250.6017   7.1039   3.8869
1.014663 0.999999985  -5.0846   1.0404 18392.0490   7.1283   3.9051
1.014615 0.999999984  -5.0706   1.0404 18493.7928   7.1457   3.9181
1.014591 0.999999983  -5.0616   1.0404 18560.2790   7.1569   3.9265
1.014569 0.999999983  -5.0486   1.0404 18658.0886   7.1732   3.9387
1.014524 0.999999982  -5.0319   1.0404 18783.7229   7.1940   3.9543
1.014482 0.999999981  -5.0121   1.0404 18935.2936   7.2188   3.9728
1.014421 0.999999980  -4.9897   1.0404 19108.2881   7.2467   3.9936
1.014363 0.999999978  -4.9721   1.0404 19245.8574   7.2687   4.0100
1.014326 0.999999978  -4.9586   1.0404 19352.7105   7.2855   4.0225
1.014290 0.999999977  -4.9457   1.0404 19456.5838   7.3017   4.0346
1.014255 0.999999976  -4.9278   1.0404 19603.6043   7.3243   4.0514
1.014191 0.999999974  -4.9112   1.0404 19739.2029   7.3450   4.0668
1.014162 0.999999973  -4.9010   1.0404 19824.7552   7.3579   4.0765
1.014133 0.999999973  -4.8910   1.0404 19908.4920   7.3704   4.0858
1.014105 0.999999972  -4.8766   1.0404 20031.5102   7.3886   4.0994
1.014051 0.999999970  -4.8627   1.0404 20149.7229   7.4060   4.1124
1.014025 0.999999970  -4.8538   1.0404 20227.0411   7.4172   4.1208
1.013999 0.999999969  -4.8408   1.0404 20340.8865   7.4335   4.1330
1.013949 0.999999967  -4.8243   1.0404 20487.3732   7.4544   4.1486
1.013901 0.999999966  -4.8086   1.0404 20629.0006   7.4743   4.1635
1.013855 0.999999964  -4.7972   1.0404 20731.8678   7.4886   4.1742
1.013833 0.999999963  -4.7862   1.0404 20833.1552   7.5025   4.1846
1.013789 0.999999962  -4.7687   1.0404 20996.9892   7.5247   4.2012
1.013725 0.999999959  -4.7488   1.0404 21185.3967   7.5500   4.2201
1.013665 0.999999957  -4.7299   1.0404 21366.4129   7.5738   4.2379
1.013607 0.999999955  -4.7150   1.0404 21511.6785   7.5928   4.2521
1.013569 0.999999953  -4.7007   1.0404 21653.5072   7.6109   4.2657
1.013515 0.999999951  -4.6844   1.0404 21818.4517   7.6318   4.2813
1.013463 0.999999948  -4.6712   1.0404 21952.0321   7.6485   4.2938
1.013429 0.999999947  -4.6611   1.0404 22056.8646   7.6615   4.3034
1.013395 0.999999945  -4.6512   1.0404 22159.5918   7.6741   4.3128
1.013363 0.999999943  -4.6370   1.0404 22310.6802   7.6923   4.3264
1.013300 0.999999940  -4.6189   1.0404 22504.6863   7.7155   4.3437
1.013239 0.999999937  -4.6017   1.0404 22691.9114   7.7375   4.3600
1.013181 0.999999934  -4.5894   1.0404 22827.6812   7.7533   4.3716
1.013153 0.999999932  -4.5814   1.0404 22916.7429   7.7636   4.3792
1.013125 0.999999931  -4.5699   1.0404 23048.2494   7.7785   4.3901
1.013071 0.999999928  -4.5550   1.0404 23218.3583   7.7976   4.4041
1.013019 0.999999924  -4.5408   1.0404 23384.7238   7.8160   4.4176
1.012968 0.999999921  -4.5270   1.0404 23547.5705   7.8338   4.4305
1.012918 0.999999918  -4.5138   1.0404 23706.1127   7.8509   4.4429
1.012870 0.999999915  -4.5011   1.0404 23860.6295   7.8674   4.4548
1.012824 0.999999912  -4.4888   1.0404 24011.3734   7.8832   4.4663
1.012778 0.999999908  -4.4770   1.0404 24158.5761   7.8985   4.4773
1.012734 0.999999905  -4.4601   1.0404 24374.3893   7.9205   4.4932
1.012649 0.999999899  -4.4440   1.0404 24581.0672   7.9415   4.5082
1.012608 0.999999895  -4.4338   1.0404 24716.0544   7.9549   4.5178
1.012568 0.999999892  -4.4190   1.0404 24914.5572   7.9743   4.5316
1.012490 0.999999886  -4.4002   1.0404 25169.3922   7.9989   4.5492
1.012416 0.999999879  -4.3825   1.0404 25415.2853   8.0221   4.5659
1.012345 0.999999873  -4.3696   1.0404 25594.6282   8.0389   4.5779
1.012310 0.999999870  -4.3613   1.0404 25713.6125   8.0499   4.5857
1.012275 0.999999866  -4.3492   1.0404 25889.2363   8.0658   4.5970
1.012208 0.999999860  -4.3337   1.0404 26116.2531   8.0862   4.6114
1.012144 0.999999853  -4.3190   1.0404 26336.6727   8.1057   4.6251
1.012081 0.999999847  -4.3049   1.0404 26550.9809   8.1243   4.6381
1.012020 0.999999840  -4.2914   1.0404 26759.6031   8.1422   4.6505
1.011961 0.999999834  -4.2785   1.0404 26962.9140   8.1594   4.6623
1.011904 0.999999827  -4.2661   1.0404 27161.2470   8.1759   4.6736
1.011849 0.999999820  -4.2540   1.0404 27356.6207   8.1920   4.6845
1.011794 0.999999814  -4.2422   1.0404 27549.1524   8.2076   4.6951
1.011741 0.999999807  -4.2255   1.0404 27831.5021   8.2300   4.7102
1.011638 0.999999794  -4.2095   1.0404 28102.0137   8.2514   4.7246
1.011588 0.999999787  -4.1993   1.0404 28278.7215   8.2651   4.7337
1.011540 0.999999780  -4.1846   1.0404 28538.6125   8.2848   4.7469
1.011446 0.999999767  -4.1704   1.0404 28791.1456   8.3038   4.7596
1.011400 0.999999760  -4.1611   1.0404 28959.3452   8.3163   4.7679
1.011354 0.999999753  -4.1521   1.0404 29124.5527   8.3284   4.7759
1.011309 0.999999747  -4.1391   1.0404 29368.0740   8.3460   4.7874
1.011223 0.999999733  -4.1186   1.0404 29760.5496   8.3738   4.8053
1.011099 0.999999712  -4.0992   1.0404 30134.9386   8.4000   4.8218
1.011020 0.999999699  -4.0846   1.0404 30425.7260   8.4198   4.8341
1.010943 0.999999685  -4.0707   1.0404 30708.4344   8.4388   4.8457
1.010869 0.999999671  -4.0573   1.0404 30983.6374   8.4570   4.8566
1.010797 0.999999658  -4.0444   1.0404 31255.4263   8.4747   4.8671
1.010726 0.999999643  -4.0318   1.0404 31523.9100   8.4919   4.8772
1.010656 0.999999629  -4.0197   1.0404 31785.9516   8.5085   4.8868
1.010589 0.999999615  -4.0080   1.0404 32041.9515   8.5244   4.8960
1.010523 0.999999601  -3.9967   1.0404 32294.4950   8.5400   4.9049
1.010457 0.999999587  -3.9804   1.0404 32668.3459   8.5625   4.9175
1.010332 0.999999558  -3.9648   1.0404 33027.0163   8.5839   4.9292
1.010271 0.999999544  -3.9560   1.0404 33234.1339   8.5960   4.9356
1.010225 0.999999533  -3.9449   1.0404 33499.8858   8.6114   4.9436
1.010136 0.999999511  -3.9274   1.0404 33930.6067   8.6357   4.9559
1.010008 0.999999478  -3.9107   1.0404 34344.7345   8.6588   4.9670
1.009926 0.999999456  -3.8979   1.0404 34672.2925   8.6767   4.9752
1.009844 0.999999434  -3.8854   1.0404 34996.2564   8.6941   4.9828
1.009764 0.999999411  -3.8734   1.0404 35312.8375   8.7108   4.9898
1.009687 0.999999389  -3.8619   1.0404 35622.5165   8.7269   4.9962
1.009611 0.999999366  -3.8506   1.0404 35929.7836   8.7427   5.0021
1.009536 0.999999343  -3.8397   1.0404 36234.7187   8.7581   5.0076
1.009462 0.999999320  -3.8266   1.0404 36608.4095   8.7766   5.0137
1.009355 0.999999285  -3.8143   1.0404 36961.1135   8.7938   5.0191
1.009290 0.999999264  -3.8037   1.0404 37276.7368   8.8090   5.0234
1.009203 0.999999234  -3.7898   1.0404 37694.7416   8.8286   5.0286
1.009091 0.999999195  -3.7783   1.0404 38045.7210   8.8449   5.0325
1.009035 0.999999174  -3.7672   1.0404 38396.8736   8.8609   5.0360
1.008926 0.999999134  -3.7564   1.0404 38739.0567   8.8763   5.0389
1.008873 0.999999114  -3.7459   1.0404 39082.2308   8.8913   5.0414
1.008767 0.999999072  -3.7323   1.0404 39532.1996   8.9108   5.0441
1.008664 0.999999031  -3.7192   1.0404 39976.6299   8.9297   5.0460
1.008562 0.999998989  -3.7066   1.0404 40415.8778   8.9479   5.0471
1.008463 0.999998947  -3.6932   1.0404 40894.2450   8.9674   5.0476
1.008345 0.999998895  -3.6784   1.0404 41435.3537   8.9889   5.0473
1.008219 0.999998838  -3.6658   1.0404 41905.8641   9.0072   5.0463
1.008134 0.999998798  -3.6535   1.0404 42381.5268   9.0253   5.0446
1.008010 0.999998738  -3.6419   1.0404 42837.8757   9.0424   5.0424
1.007932 0.999998700  -3.6313   1.0404 43263.9359   9.0580   5.0398
1.007824 0.999998646  -3.6173   1.0404 43843.4855   9.0787   5.0356
1.007682 0.999998571  -3.6056   1.0404 44335.6724   9.0960   5.0314
1.007611 0.999998533  -3.5960   1.0404 44748.0851   9.1102   5.0273
1.007507 0.999998476  -3.5850   1.0404 45233.9309   9.1267   5.0221
1.007405 0.999998419  -3.5710   1.0404 45872.0564   9.1477   5.0143
1.007240 0.999998323  -3.5559   1.0404 46573.4306   9.1704   5.0049
1.007111 0.999998246  -3.5458   1.0404 47059.3959   9.1857   4.9980
1.007038 0.999998201  -3.5388   1.0404 47397.8500   9.1962   4.9929
1.006972 0.999998160  -3.5284   1.0404 47919.7370   9.2121   4.9849
1.006826 0.999998066  -3.5139   1.0404 48656.9328   9.2341   4.9730
1.006673 0.999997965  -3.5033   1.0404 49210.8005   9.2504   4.9638
1.006601 0.999997917  -3.4933   1.0404 49744.8011   9.2656   4.9545
1.006461 0.999997819  -3.4783   1.0404 50572.5813   9.2888   4.9395
1.006274 0.999997685  -3.4621   1.0404 51489.0519   9.3138   4.9223
1.006100 0.999997556  -3.4500   1.0404 52191.1090   9.3325   4.9088
1.005998 0.999997478  -3.4390   1.0404 52845.9795   9.3495   4.8959
1.005847 0.999997359  -3.4275   1.0404 53548.5995   9.3675   4.8822
1.005726 0.999997262  -3.4150   1.0404 54335.3341   9.3871   4.8668
1.005547 0.999997113  -3.4039   1.0404 55036.6860   9.4043   4.8530
1.005457 0.999997037  -3.3950   1.0404 55625.2087   9.4184   4.8415
1.005324 0.999996922  -3.3821   1.0404 56487.6021   9.4387   4.8246
1.005133 0.999996751  -3.3700   1.0404 57306.8850   9.4577   4.8085
1.005014 0.999996642  -3.3610   1.0404 57935.7100   9.4720   4.7963
1.004897 0.999996533  -3.3477   1.0404 58880.7709   9.4929   4.7780
1.004665 0.999996309  -3.3349   1.0404 59810.4984   9.5133   4.7605
1.004549 0.999996193  -3.3253   1.0404 60518.3907   9.5284   4.7473
1.004404 0.999996046  -3.3108   1.0404 61627.6108   9.5516   4.7272
1.004143 0.999995772  -3.2956   1.0404 62798.5417   9.5757   4.7069
1.003970 0.999995584  -3.2856   1.0404 63581.3424   9.5915   4.6937
1.003855 0.999995456  -3.2758   1.0404 64372.9776   9.6072   4.6807
1.003682 0.999995259  -3.2623   1.0404 65482.2390   9.6288   4.6630
1.003451 0.999994988  -3.2510   1.0404 66418.6298   9.6468   4.6486
1.003337 0.999994851  -3.2397   1.0404 67372.3859   9.6647   4.6342
1.003106 0.999994566  -3.2250   1.0404 68638.5142   9.6882   4.6159
1.002874 0.999994271  -3.2105   1.0404 69906.4770   9.7113   4.5984
1.002643 0.999993965  -3.1998   1.0404 70853.2725   9.7283   4.5861
1.002526 0.999993807  -3.1928   1.0404 71488.4239   9.7395   4.5781
1.002410 0.999993648  -3.1823   1.0404 72447.6207   9.7562   4.5664
1.002177 0.999993321  -3.1684   1.0404 73720.8327   9.7782   4.5517
1.001943 0.999992981  -3.1548   1.0404 74995.7905   9.7999   4.5375
1.001708 0.999992630  -3.1413   1.0404 76272.5772   9.8213   4.5238
1.001473 0.999992266  -3.1280   1.0404 77551.3365   9.8424   4.5105
1.001236 0.999991889  -3.1148   1.0404 78832.2525   9.8632   4.4980
1.000997 0.999991499  -3.1017   1.0404 80115.5379   9.8838   4.4862
1.000758 0.999991094  -3.0888   1.0404 81401.4389   9.9042   4.4750
1.000517 0.999990676  -3.0760   1.0404 82690.2408   9.9243   4.4643
1.000275 0.999990243  -3.0633   1.0404 83982.2662   9.9442   4.4539
1.000031 0.999989794  -3.0507   1.0404 85277.8870   9.9640   4.4438
0.999786 0.999989329  -3.0382   1.0404 86577.5492   9.9835   4.4339
0.999539 0.999988848  -3.0258   1.0404 87881.7818  10.0029   4.4242
0.999291 0.999988350  -3.0135   1.0404 89191.1720  10.0221   4.4147
0.999041 0.999987834  -3.0013   1.0404 90506.3243  10.0412   4.4055
0.998788 0.999987300  -2.9892   1.0404 91827.8441  10.0601   4.3964
0.998535 0.999986747  -2.9772   1.0404 93156.3462  10.0788   4.3874
0.998279 0.999986175  -2.9652   1.0404 94492.4666  10.0975   4.3785
0.998021 0.999985582  -2.9533   1.0404 95836.8688  10.1160   4.3697
0.997761 0.999984968  -2.9415   1.0404 97190.2414  10.1344   4.3609
0.997499 0.999984333  -2.9298   1.0404 98553.2914  10.1526   4.3520
0.997235 0.999983675  -2.9181   1.0404 99926.7406  10.1708   4.3431
0.996968 0.999982994  -2.9094   1.0404 100956.0927  10.1842   4.3364
0.996834 0.999982644  -2.9037   1.0404 101651.1862  10.1932   4.3318
0.996699 0.999982288  -2.8950   1.0404 102707.5532  10.2067   4.3248
0.996428 0.999981558  -2.8835   1.0404 104116.6207  10.2246   4.3154
0.996155 0.999980802  -2.8722   1.0404 105539.0198  10.2423   4.3060
0.995879 0.999980019  -2.8637   1.0404 106606.9430  10.2555   4.2988
0.995740 0.999979618  -2.8580   1.0404 107328.6912  10.2644   4.2940
0.995600 0.999979209  -2.8496   1.0404 108426.4716  10.2776   4.2865
0.995319 0.999978370  -2.8383   1.0404 109893.1865  10.2951   4.2764
0.995035 0.999977501  -2.8272   1.0404 111376.1366  10.3125   4.2659
0.994749 0.999976602  -2.8161   1.0404 112876.0537  10.3299   4.2549
0.994459 0.999975671  -2.8051   1.0404 114393.6581  10.3471   4.2433
0.994167 0.999974707  -2.7941   1.0404 115929.6585  10.3644   4.2313
0.993872 0.999973710  -2.7832   1.0404 117484.7529  10.3815   4.2190
0.993574 0.999972677  -2.7724   1.0404 119059.6273  10.3986   4.2064
0.993273 0.999971608  -2.7643   1.0404 120245.7061  10.4113   4.1968
0.993121 0.999971059  -2.7589   1.0404 121048.4804  10.4198   4.1903
0.992968 0.999970501  -2.7508   1.0404 122271.2240  10.4326   4.1803
0.992661 0.999969355  -2.7401   1.0404 123909.4110  10.4495   4.1667
0.992350 0.999968169  -2.7267   1.0404 126003.3902  10.4707   4.1489
0.991878 0.999966311  -2.7135   1.0404 128104.5800  10.4916   4.1304
0.991558 0.999965017  -2.7030   1.0404 129823.8765  10.5083   4.1148
0.991236 0.999963679  -2.6925   1.0404 131567.7407  10.5250   4.0988
0.990909 0.999962293  -2.6820   1.0404 133336.7902  10.5417   4.0823
0.990579 0.999960858  -2.6716   1.0404 135131.6331  10.5583   4.0655
0.990246 0.999959374  -2.6613   1.0404 136952.8545  10.5749   4.0483
0.989908 0.999957837  -2.6509   1.0404 138801.0103  10.5914   4.0307
0.989567 0.999956246  -2.6406   1.0404 140676.6339  10.6079   4.0128
0.989222 0.999954599  -2.6304   1.0404 142580.2547  10.6244   3.9944
0.988872 0.999952895  -2.6202   1.0404 144512.4082  10.6408   3.9757
0.988519 0.999951131  -2.6100   1.0404 146473.6315  10.6573   3.9566
0.988161 0.999949305  -2.5998   1.0404 148464.4561  10.6736   3.9373
0.987800 0.999947415  -2.5897   1.0404 150485.4041  10.6900   3.9176
0.987433 0.999945458  -2.5796   1.0404 152536.9918  10.7063   3.8976
0.987063 0.999943434  -2.5696   1.0404 154619.7329  10.7226   3.8773
0.986688 0.999941338  -2.5595   1.0404 156734.1387  10.7389   3.8567
0.986308 0.999939169  -2.5495   1.0404 158880.7163  10.7551   3.8359
0.985924 0.999936925  -2.5396   1.0404 161059.9685  10.7713   3.8148
0.985535 0.999934601  -2.5296   1.0404 163272.3935  10.7875   3.7936
0.985142 0.999932197  -2.5197   1.0404 165518.4840  10.8037   3.7723
0.984743 0.999929709  -2.5098   1.0404 167798.7244  10.8198   3.7507
0.984340 0.999927133  -2.4999   1.0404 170113.5953  10.8360   3.7290
0.983931 0.999924468  -2.4901   1.0404 172463.5841  10.8521   3.7071
0.983517 0.999921710  -2.4802   1.0404 174849.1900  10.8682   3.6852
0.983099 0.999918855  -2.4704   1.0404 177270.9234  10.8843   3.6633
0.982674 0.999915901  -2.4606   1.0404 179729.3031  10.9003   3.6415
0.982245 0.999912844  -2.4508   1.0404 182224.8557  10.9164   3.6197
0.981810 0.999909681  -2.4411   1.0404 184758.1161  10.9324   3.5980
0.981370 0.999906407  -2.4313   1.0404 187329.6217  10.9484   3.5762
0.980923 0.999903019  -2.4216   1.0404 189939.9033  10.9644   3.5543
0.980472 0.999899513  -2.4119   1.0404 192589.4826  10.9804   3.5324
0.980014 0.999895886  -2.4022   1.0404 195278.8812  10.9964   3.5104
0.979550 0.999892132  -2.3925   1.0404 198008.6365  11.0124   3.4885
0.979081 0.999888247  -2.3828   1.0404 200779.3083  11.0284   3.4666
0.978605 0.999884228  -2.3731   1.0404 203591.4760  11.0443   3.4448
0.978124 0.999880069  -2.3635   1.0404 206445.7316  11.0602   3.4230
0.977636 0.999875765  -2.3538   1.0404 209342.6759  11.0762   3.4014
0.977141 0.999871312  -2.3466   1.0404 211528.9551  11.0881   3.3855
0.976892 0.999869028  -2.3418   1.0404 213009.8100  11.0960   3.3748
0.976641 0.999866705  -2.3346   1.0404 215266.9032  11.1080   3.3587
0.976133 0.999861938  -2.3249   1.0404 218295.5993  11.1239   3.3376
0.975619 0.999857005  -2.3153   1.0404 221369.4767  11.1398   3.3166
0.975099 0.999851902  -2.3057   1.0404 224489.1856  11.1557   3.2956
0.974571 0.999846622  -2.2961   1.0404 227655.3894  11.1716   3.2747
0.974037 0.999841159  -2.2866   1.0404 230868.7690  11.1875   3.2538
0.973495 0.999835506  -2.2770   1.0404 234130.0225  11.2034   3.2331
0.972947 0.999829659  -2.2674   1.0404 237439.8557  11.2192   3.2127
0.972391 0.999823609  -2.2578   1.0404 240798.9706  11.2351   3.1926
0.971828 0.999817350  -2.2483   1.0404 244208.0708  11.2510   3.1726
0.971258 0.999810874  -2.2387   1.0404 247667.9017  11.2668   3.1528
0.970679 0.999804175  -2.2291   1.0404 251179.2874  11.2827   3.1330
0.970094 0.999797245  -2.2196   1.0404 254743.1310  11.2985   3.1132
0.969500 0.999790075  -2.2100   1.0404 258360.3781  11.3144   3.0934
0.968899 0.999782659  -2.2005   1.0404 262031.9772  11.3302   3.0738
0.968290 0.999774986  -2.1910   1.0404 265758.8738  11.3461   3.0544
0.967672 0.999767049  -2.1814   1.0404 269541.9660  11.3619   3.0352
0.967047 0.999758839  -2.1719   1.0404 273382.0316  11.3778   3.0163
0.966413 0.999750346  -2.1624   1.0404 277279.6947  11.3936   2.9976
0.965770 0.999741561  -2.1528   1.0404 281235.4856  11.4095   2.9790
0.965120 0.999732473  -2.1433   1.0404 285249.9790  11.4253   2.9607
0.964460 0.999723074  -2.1338   1.0404 289323.8706  11.4412   2.9426
0.963792 0.999713351  -2.1243   1.0404 293457.9754  11.4570   2.9247
0.963114 0.999703294  -2.1147   1.0404 297653.2229  11.4729   2.9069
0.962428 0.999692892  -2.1052   1.0404 301910.6621  11.4887   2.8893
0.961733 0.999682133  -2.0957   1.0404 306231.4577  11.5046   2.8717
0.961028 0.999671005  -2.0862   1.0404 310616.8187  11.5204   2.8543
0.960314 0.999659496  -2.0766   1.0404 315067.9175  11.5363   2.8370
0.959590 0.999647592  -2.0671   1.0404 319585.8746  11.5521   2.8200
0.958857 0.999635280  -2.0576   1.0404 324171.7877  11.5680   2.8031
0.958114 0.999622548  -2.0480   1.0404 328826.7693  11.5839   2.7864
0.957361 0.999609379  -2.0385   1.0404 333551.9568  11.5997   2.7700
0.956598 0.999595761  -2.0290   1.0404 338348.5086  11.6156   2.7537
0.955825 0.999581677  -2.0194   1.0404 343217.6018  11.6315   2.7376
0.955042 0.999567112  -2.0099   1.0404 348160.4309  11.6474   2.7216
0.954248 0.999552049  -2.0004   1.0404 353178.2001  11.6632   2.7059
0.953443 0.999536473  -1.9908   1.0404 358272.1088  11.6791   2.6903
0.952628 0.999520366  -1.9813   1.0404 363443.3432  11.6950   2.6750
0.951802 0.999503710  -1.9717   1.0404 368693.0860  11.7109   2.6598
0.950964 0.999486486  -1.9622   1.0404 374022.5501  11.7268   2.6448
0.950116 0.999468677  -1.9526   1.0404 379433.0086  11.7428   2.6299
0.949256 0.999450261  -1.9431   1.0404 384925.7993  11.7587   2.6150
0.948385 0.999431219  -1.9335   1.0404 390502.3132  11.7746   2.6004
0.947502 0.999411530  -1.9240   1.0404 396163.9788  11.7905   2.5860
0.946608 0.999391172  -1.9144   1.0404 401912.2573  11.8065   2.5719
0.945701 0.999370123  -1.9048   1.0404 407748.6220  11.8224   2.5580
0.944783 0.999348361  -1.8953   1.0404 413674.5294  11.8384   2.5445
0.943852 0.999325860  -1.8857   1.0404 419691.4156  11.8543   2.5312
0.942908 0.999302597  -1.8761   1.0404 425800.7318  11.8703   2.5181
0.941953 0.999278547  -1.8665   1.0404 432003.9971  11.8863   2.5051
0.940984 0.999253682  -1.8569   1.0404 438302.8146  11.9023   2.4923
0.940002 0.999227977  -1.8473   1.0404 444698.8425  11.9183   2.4796
0.939008 0.999201403  -1.8377   1.0404 451193.7509  11.9343   2.4670
0.938000 0.999173931  -1.8281   1.0404 457789.2039  11.9503   2.4545
0.936979 0.999145532  -1.8185   1.0404 464486.8731  11.9663   2.4422
0.935944 0.999116175  -1.8089   1.0404 471288.4609  11.9824   2.4301
0.934895 0.999085828  -1.7992   1.0404 478195.7174  11.9984   2.4182
0.933833 0.999054460  -1.7896   1.0404 485210.4446  12.0145   2.4065
0.932756 0.999022035  -1.7800   1.0404 492334.4902  12.0306   2.3951
0.931665 0.998988519  -1.7703   1.0404 499569.7328  12.0466   2.3837
0.930559 0.998953877  -1.7607   1.0404 506918.0693  12.0627   2.3725
0.929439 0.998918071  -1.7510   1.0404 514381.4214  12.0788   2.3612
0.928304 0.998881063  -1.7413   1.0404 521961.7625  12.0950   2.3500
0.927153 0.998842814  -1.7316   1.0404 529661.1405  12.1111   2.3389
0.925988 0.998803282  -1.7220   1.0404 537481.6685  12.1272   2.3279
0.924807 0.998762426  -1.7123   1.0404 545425.4926  12.1434   2.3170
0.923610 0.998720202  -1.7026   1.0404 553494.7752  12.1596   2.3062
0.922398 0.998676567  -1.6929   1.0404 561691.7073  12.1757   2.2955
0.921169 0.998631472  -1.6831   1.0404 570018.5275  12.1919   2.2848
0.919924 0.998584872  -1.6734   1.0404 578477.5322  12.2081   2.2740
0.918663 0.998536717  -1.6637   1.0404 587071.0803  12.2244   2.2632
0.917385 0.998486956  -1.6539   1.0404 595801.5990  12.2406   2.2524
0.916090 0.998435537  -1.6442   1.0404 604671.5806  12.2569   2.2418
0.914778 0.998382406  -1.6344   1.0404 613683.5672  12.2731   2.2311
0.913449 0.998327508  -1.6247   1.0404 622840.1374  12.2894   2.2205
0.912102 0.998270786  -1.6149   1.0404 632143.9096  12.3057   2.2099
0.910737 0.998212179  -1.6051   1.0404 641597.5576  12.3221   2.1992
0.909354 0.998151628  -1.5977   1.0404 648743.2032  12.3343   2.1912
0.908656 0.998120604  -1.5904   1.0404 656064.7889  12.3466   2.1830
0.907246 0.998057017  -1.5805   1.0404 665905.2325  12.3629   2.1721
0.905817 0.997991326  -1.5707   1.0404 675905.3855  12.3793   2.1611
0.904369 0.997923461  -1.5609   1.0404 686068.2113  12.3957   2.1502
0.902902 0.997853353  -1.5510   1.0404 696396.7902  12.4121   2.1392
0.901417 0.997780930  -1.5412   1.0404 706894.3037  12.4286   2.1283
0.899911 0.997706118  -1.5313   1.0404 717563.9648  12.4450   2.1173
0.898386 0.997628841  -1.5214   1.0404 728408.9752  12.4615   2.1064
0.896840 0.997549018  -1.5115   1.0404 739432.5647  12.4780   2.0954
0.895275 0.997466570  -1.5016   1.0404 750638.0734  12.4945   2.0843
0.893689 0.997381411  -1.4917   1.0404 762028.9791  12.5111   2.0733
0.892082 0.997293457  -1.4817   1.0404 773608.8495  12.5276   2.0623
0.890454 0.997202618  -1.4718   1.0404 785381.2910  12.5442   2.0513
0.888804 0.997108802  -1.4618   1.0404 797349.9512  12.5608   2.0404
0.887133 0.997011915  -1.4518   1.0404 809518.5613  12.5775   2.0295
0.885441 0.996911860  -1.4418   1.0404 821890.9572  12.5941   2.0187
0.883726 0.996808536  -1.4318   1.0404 834471.0609  12.6108   2.0080
0.881988 0.996701841  -1.4218   1.0404 847262.8588  12.6275   1.9974
0.880228 0.996591667  -1.4118   1.0404 860270.4249  12.6442   1.9869
0.878446 0.996477906  -1.4017   1.0404 873497.9770  12.6609   1.9764
0.876639 0.996360445  -1.3916   1.0404 886949.9024  12.6777   1.9659
0.874810 0.996239167  -1.3816   1.0404 900630.6980  12.6945   1.9556
0.872956 0.996113953  -1.3715   1.0404 914544.8747  12.7113   1.9452
0.871079 0.995984680  -1.3613   1.0404 928696.9418  12.7282   1.9349
0.869177 0.995851221  -1.3512   1.0404 943091.5308  12.7451   1.9248
0.867250 0.995713445  -1.3411   1.0404 957733.5404  12.7620   1.9146
0.865298 0.995571218  -1.3309   1.0404 972628.1268  12.7789   1.9046
0.863321 0.995424401  -1.3207   1.0404 987780.5466  12.7959   1.8945
0.861319 0.995272852  -1.3105   1.0404 1003196.0415  12.8129   1.8844
0.859290 0.995116425  -1.3003   1.0404 1018879.8981  12.8299   1.8744
0.857235 0.994954968  -1.2900   1.0404 1034837.5815  12.8470   1.8643
0.855154 0.994788326  -1.2798   1.0404 1051074.8008  12.8640   1.8543
0.853046 0.994616338  -1.2721   1.0404 1063368.6258  12.8768   1.8468
0.851981 0.994528289  -1.2643   1.0404 1075967.3498  12.8897   1.8392
0.849832 0.994347974  -1.2540   1.0404 1092929.6150  12.9069   1.8292
0.847655 0.994161893  -1.2437   1.0404 1110192.7858  12.9241   1.8191
0.845450 0.993969870  -1.2333   1.0404 1127763.3458  12.9413   1.8089
0.843216 0.993771722  -1.2230   1.0404 1145648.0059  12.9586   1.7986
0.840954 0.993567262  -1.2126   1.0404 1163853.7223  12.9759   1.7883
0.838663 0.993356298  -1.2022   1.0404 1182387.6897  12.9933   1.7778
0.836342 0.993138632  -1.1917   1.0404 1201257.3153  13.0106   1.7672
0.833991 0.992914060  -1.1812   1.0404 1220470.1928  13.0281   1.7565
0.831610 0.992682371  -1.1707   1.0404 1240034.0928  13.0455   1.7458
0.829199 0.992443351  -1.1602   1.0404 1259956.9905  13.0630   1.7350
0.826756 0.992196778  -1.1497   1.0404 1280247.1086  13.0806   1.7241
0.824283 0.991942423  -1.1391   1.0404 1300912.9426  13.0981   1.7132
0.821777 0.991680053  -1.1285   1.0404 1321963.2780  13.1158   1.7023
0.819240 0.991409427  -1.1179   1.0404 1343407.2037  13.1334   1.6913
0.816670 0.991130295  -1.1073   1.0404 1365254.0879  13.1511   1.6802
0.814067 0.990842405  -1.0966   1.0404 1387513.5388  13.1689   1.6690
0.811430 0.990545494  -1.0859   1.0404 1410195.4129  13.1867   1.6577
0.808760 0.990239293  -1.0752   1.0404 1433309.8576  13.2045   1.6463
0.806056 0.989923525  -1.0644   1.0404 1456867.3324  13.2224   1.6347
0.803317 0.989597907  -1.0537   1.0404 1480878.5937  13.2404   1.6230
0.800543 0.989262147  -1.0428   1.0404 1505354.6925  13.2583   1.6112
0.797734 0.988915945  -1.0320   1.0404 1530307.0026  13.2764   1.5992
0.794888 0.988558993  -1.0211   1.0404 1555747.2669  13.2945   1.5870
0.792007 0.988190975  -1.0102   1.0404 1581687.6438  13.3126   1.5747
0.789088 0.987811567  -0.9993   1.0404 1608140.7340  13.3308   1.5622
0.786133 0.987420436  -0.9883   1.0404 1635119.5634  13.3491   1.5495
0.783140 0.987017239  -0.9773   1.0404 1662637.5479  13.3674   1.5367
0.780108 0.986601625  -0.9662   1.0404 1690708.5024  13.3858   1.5237
0.777038 0.986173234  -0.9552   1.0404 1719346.7171  13.4042   1.5106
0.773929 0.985731697  -0.9440   1.0404 1748567.0365  13.4227   1.4974
0.770780 0.985276635  -0.9329   1.0404 1778384.8689  13.4413   1.4841
0.767591 0.984807658  -0.9217   1.0404 1808816.1531  13.4599   1.4706
0.764361 0.984324368  -0.9105   1.0404 1839877.3473  13.4786   1.4570
0.761090 0.983826357  -0.8992   1.0404 1871585.4566  13.4973   1.4431
0.757778 0.983313206  -0.8879   1.0404 1903958.0495  13.5161   1.4291
0.754423 0.982784485  -0.8765   1.0404 1937013.2642  13.5350   1.4148
0.751026 0.982239755  -0.8651   1.0404 1970769.8878  13.5540   1.4002
0.747586 0.981678565  -0.8537   1.0404 2005247.4923  13.5730   1.3852
0.744101 0.981100453  -0.8422   1.0404 2040466.4960  13.5921   1.3699
0.740573 0.980504949  -0.8307   1.0404 2076448.0993  13.6113   1.3543
0.737000 0.979891567  -0.8190   1.0404 2112669.6181  13.6305   1.3388
0.733382 0.979259813  -0.8068   1.0404 2147624.0638  13.6498   1.3246
0.729723 0.978609182  -0.7943   1.0404 2181541.1641  13.6693   1.3116
0.726025 0.977939154  -0.7813   1.0404 2214606.5179  13.6888   1.2995
0.722291 0.977249200  -0.7681   1.0404 2246972.4748  13.7083   1.2882
0.718523 0.976538778  -0.7546   1.0404 2278765.4786  13.7280   1.2777
0.714722 0.975807336  -0.7408   1.0404 2310090.6673  13.7477   1.2677
0.710891 0.975054306  -0.7268   1.0404 2341035.6024  13.7676   1.2583
0.707031 0.974279111  -0.7161   1.0404 2363847.9053  13.7825   1.2516
0.705091 0.973883017  -0.7053   1.0404 2386894.9399  13.7975   1.2449
0.701190 0.973073462  -0.6908   1.0404 2417186.9474  13.8175   1.2364
0.697264 0.972240241  -0.6760   1.0404 2447311.0439  13.8376   1.2282
0.693314 0.971382731  -0.6611   1.0404 2477309.4195  13.8578   1.2201
0.689340 0.970500296  -0.6461   1.0404 2507218.4944  13.8781   1.2123
0.685345 0.969592289  -0.6309   1.0404 2537069.8711  13.8985   1.2045
0.681330 0.968658047  -0.6155   1.0404 2566891.4293  13.9189   1.1969
0.677295 0.967696895  -0.6000   1.0404 2596708.3128  13.9394   1.1894
0.673242 0.966708143  -0.5843   1.0404 2626543.4385  13.9600   1.1820
0.669171 0.965691091  -0.5686   1.0404 2656417.7827  13.9807   1.1746
0.665084 0.964645021  -0.5527   1.0404 2686350.6312  14.0015   1.1673
0.660982 0.963569204  -0.5367   1.0404 2716359.7923  14.0223   1.1601
0.656866 0.962462895  -0.5205   1.0404 2746461.7746  14.0433   1.1529
0.652736 0.961325337  -0.5043   1.0404 2776671.9547  14.0643   1.1458
0.648593 0.960155756  -0.4879   1.0404 2807004.7071  14.0853   1.1387
0.644439 0.958953366  -0.4715   1.0404 2837473.5285  14.1065   1.1316
0.640274 0.957717365  -0.4549   1.0404 2868091.0819  14.1277   1.1245
0.636099 0.956446937  -0.4383   1.0404 2898869.2147  14.1490   1.1175
0.631915 0.955141250  -0.4215   1.0404 2929819.0202  14.1703   1.1104
0.627723 0.953799459  -0.4047   1.0404 2960950.8939  14.1917   1.1034
0.623523 0.952420701  -0.3877   1.0404 2992274.6036  14.2132   1.0964
0.619317 0.951004098  -0.3729   1.0405 3019765.7819  14.2321   1.0902
0.616158 0.949916274  -0.3579   1.0405 3047580.2483  14.2510   1.0840
0.611942 0.948431284  -0.3408   1.0405 3079477.7276  14.2727   1.0770
0.607721 0.946905954  -0.3235   1.0405 3111599.4856  14.2944   1.0699
0.603496 0.945339346  -0.3062   1.0405 3143953.3272  14.3162   1.0629
0.599268 0.943730503  -0.2889   1.0405 3176546.7776  14.3380   1.0558
0.595038 0.942078454  -0.2714   1.0405 3209387.1368  14.3599   1.0487
0.590806 0.940382208  -0.2539   1.0405 3242481.5621  14.3819   1.0415
0.586572 0.938640756  -0.2363   1.0405 3275837.1223  14.4039   1.0344
0.582338 0.936853072  -0.2187   1.0405 3309460.8011  14.4260   1.0272
0.578104 0.935018109  -0.2010   1.0405 3343359.4738  14.4481   1.0201
0.573870 0.933134802  -0.1832   1.0405 3377539.9089  14.4703   1.0129
0.569637 0.931202066  -0.1654   1.0405 3412008.8317  14.4925   1.0057
0.565406 0.929218795  -0.1475   1.0405 3446772.9742  14.5148   0.9984
0.561177 0.927183863  -0.1295   1.0405 3481839.0478  14.5372   0.9912
0.556951 0.925096123  -0.1115   1.0405 3517213.7197  14.5595   0.9839
0.552728 0.922954404  -0.0935   1.0405 3552903.6350  14.5819   0.9767
0.548508 0.920757517  -0.0754   1.0405 3588915.4804  14.6044   0.9694
0.544293 0.918504249  -0.0573   1.0405 3625256.0405  14.6269   0.9620
0.540081 0.916193363  -0.0391   1.0405 3661932.2435  14.6495   0.9547
0.535875 0.913823602  -0.0208   1.0405 3698951.2315  14.6721   0.9474
0.531673 0.911393684  -0.0026   1.0405 3736320.4400  14.6947   0.9400
0.527478 0.908902304   0.0112   1.0405 3764439.9179  14.7117   0.9345
0.525382 0.907633152   0.0249   1.0405 3793048.5741  14.7287   0.9290
0.521195 0.905047081   0.0433   1.0405 3831327.6991  14.7514   0.9216
0.517014 0.902396183   0.0617   1.0405 3869985.1799  14.7742   0.9142
0.512840 0.899679067   0.0802   1.0405 3909029.7047  14.7970   0.9068
0.508672 0.896894323   0.0986   1.0405 3948470.4352  14.8198   0.8995
0.504512 0.894040512   0.1172   1.0405 3988316.9323  14.8427   0.8921
0.500359 0.891116173   0.1357   1.0405 4028579.0493  14.8656   0.8848
0.496213 0.888119820   0.1543   1.0405 4069266.8325  14.8885   0.8774
0.492075 0.885049944   0.1729   1.0405 4110390.4383  14.9115   0.8701
0.487944 0.881905011   0.1892   1.0405 4146654.2840  14.9316   0.8637
0.484852 0.879496119   0.2032   1.0405 4178086.9324  14.9489   0.8582
0.481764 0.877043467   0.2195   1.0405 4215173.0129  14.9691   0.8518
0.477654 0.873704026   0.2382   1.0405 4257902.3803  14.9921   0.8445
0.473551 0.870283975   0.2569   1.0405 4301113.6809  15.0152   0.8372
0.469458 0.866781673   0.2757   1.0405 4344817.2173  15.0384   0.8299
0.465372 0.863195460   0.2944   1.0405 4389023.2559  15.0615   0.8226
0.461296 0.859523650   0.3132   1.0405 4433742.0690  15.0847   0.8153
0.457227 0.855764538   0.3320   1.0405 4478983.9910  15.1079   0.8080
0.453167 0.851916399   0.3508   1.0405 4524759.4272  15.1311   0.8007
0.449116 0.847977484   0.3697   1.0405 4571078.8454  15.1544   0.7934
0.445074 0.843946028   0.3885   1.0405 4617952.7877  15.1777   0.7860
0.441040 0.839820246   0.4074   1.0405 4665391.9026  15.2010   0.7787
0.437014 0.835598337   0.4263   1.0405 4713406.9593  15.2243   0.7714
0.432997 0.831278481   0.4452   1.0405 4762008.8429  15.2476   0.7640
0.428989 0.826858844   0.4641   1.0405 4811208.5411  15.2710   0.7566
0.424989 0.822337579   0.4830   1.0405 4861017.1836  15.2944   0.7492
0.420998 0.817712825   0.5019   1.0405 4911446.0678  15.3178   0.7418
0.417015 0.812982708   0.5208   1.0405 4962506.6001  15.3412   0.7344
0.413040 0.808145346   0.5398   1.0405 5014210.2361  15.3647   0.7270
0.409073 0.803198847   0.5587   1.0405 5066568.5652  15.3881   0.7195
0.405115 0.798141314   0.5776   1.0405 5119593.6572  15.4116   0.7121
0.401164 0.792970843   0.5966   1.0405 5173298.3753  15.4351   0.7046
0.397222 0.787685530   0.6155   1.0405 5227696.4669  15.4586   0.6971
0.393287 0.782283466   0.6345   1.0405 5282802.5995  15.4821   0.6896
0.389359 0.776762747   0.6535   1.0405 5338632.3558  15.5056   0.6821
0.385440 0.771121470   0.6724   1.0405 5395202.2287  15.5292   0.6746
0.381527 0.765357742   0.6914   1.0404 5452529.6468  15.5527   0.6671
0.377622 0.759469673   0.7103   1.0404 5510633.0613  15.5763   0.6597
0.373723 0.753455386   0.7293   1.0404 5569532.0678  15.5999   0.6522
0.369831 0.747313019   0.7482   1.0404 5629247.4304  15.6235   0.6448
0.365946 0.741040722   0.7672   1.0404 5689801.0040  15.6470   0.6374
0.362067 0.734636668   0.7861   1.0404 5751215.6358  15.6706   0.6300
0.358194 0.728099048   0.8050   1.0403 5813515.1636  15.6943   0.6226
0.354327 0.721426082   0.8240   1.0403 5876724.4355  15.7179   0.6153
0.350465 0.714616018   0.8382   1.0403 5924671.8906  15.7356   0.6098
0.348526 0.711141577   0.8476   1.0403 5956982.3833  15.7475   0.6062
0.346608 0.707667137   0.8571   1.0402 5989536.4943  15.7593   0.6025
0.344672 0.704122448   0.8665   1.0402 6022334.9619  15.7711   0.5989
0.342756 0.700577758   0.8806   1.0402 6072072.2866  15.7887   0.5934
0.338909 0.693346239   0.8995   1.0402 6139188.4426  15.8124   0.5862
0.335065 0.685970983   0.9137   1.0401 6190147.3195  15.8302   0.5808
0.333135 0.682210713   0.9231   1.0401 6224498.0862  15.8420   0.5773
0.331225 0.678450442   0.9325   1.0400 6259122.3479  15.8538   0.5737
0.329298 0.674616782   0.9419   1.0400 6294021.9940  15.8656   0.5701
0.327389 0.670783122   0.9559   1.0400 6346962.2964  15.8833   0.5647
0.323555 0.662967585   0.9747   1.0399 6418473.2001  15.9069   0.5576
0.319723 0.655002460   0.9888   1.0398 6472739.4252  15.9247   0.5524
0.317808 0.650963391   0.9982   1.0397 6509390.0815  15.9365   0.5489
0.315894 0.646886441   1.0076   1.0397 6546348.1156  15.9483   0.5454
0.313979 0.642771459   1.0170   1.0396 6583618.0666  15.9601   0.5418
0.312065 0.638618299   1.0263   1.0395 6621204.4954  15.9719   0.5383
0.310151 0.634426820   1.0357   1.0395 6659111.9930  15.9838   0.5348
0.308238 0.630196885   1.0450   1.0394 6697345.1849  15.9956   0.5313
0.306324 0.625928366   1.0543   1.0393 6735908.7405  16.0074   0.5278
0.304410 0.621621138   1.0637   1.0392 6774807.3834  16.0192   0.5243
0.302496 0.617275083   1.0730   1.0391 6814045.8875  16.0310   0.5208
0.300582 0.612890091   1.0823   1.0390 6853629.0755  16.0428   0.5173
0.298668 0.608466055   1.0893   1.0389 6883534.7743  16.0517   0.5146
0.297709 0.606234467   1.0940   1.0388 6903589.5009  16.0576   0.5129
0.296753 0.604002880   1.0986   1.0388 6923733.1935  16.0635   0.5111
0.295794 0.601751676   1.1033   1.0387 6943966.3609  16.0694   0.5094
0.294838 0.599500472   1.1102   1.0386 6974495.5111  16.0783   0.5067
0.292922 0.594958749   1.1195   1.0385 7015506.2753  16.0901   0.5032
0.291006 0.590377635   1.1265   1.0383 7046497.0660  16.0990   0.5006
0.290045 0.588067348   1.1311   1.0382 7067280.4354  16.1049   0.4988
0.289089 0.585757061   1.1357   1.0381 7088157.6993  16.1108   0.4970
0.288128 0.583427014   1.1404   1.0380 7109129.4486  16.1167   0.4953
0.287171 0.581096967   1.1473   1.0379 7140774.2842  16.1255   0.4926
0.285252 0.576397302   1.1566   1.0377 7183292.4134  16.1373   0.4891
0.283332 0.571658022   1.1635   1.0374 7215428.9575  16.1462   0.4864
0.282369 0.569268558   1.1681   1.0373 7236981.7071  16.1521   0.4846
0.281411 0.566879093   1.1727   1.0371 7258633.7245  16.1580   0.4829
0.280448 0.564469793   1.1773   1.0370 7280385.7679  16.1639   0.4811
0.279488 0.562060492   1.1842   1.0368 7313209.7197  16.1728   0.4784
0.277564 0.557202204   1.1935   1.0365 7357322.8346  16.1846   0.4749
0.275639 0.552304224   1.2004   1.0361 7390673.4585  16.1934   0.4722
0.274674 0.549835391   1.2050   1.0359 7413041.9948  16.1993   0.4705
0.273712 0.547366558   1.2096   1.0357 7435516.1132  16.2052   0.4687
0.272746 0.544877890   1.2142   1.0354 7458096.7777  16.2111   0.4669
0.271783 0.542389223   1.2211   1.0352 7492173.7416  16.2200   0.4642
0.269852 0.537372248   1.2302   1.0347 7537984.7418  16.2318   0.4607
0.267920 0.532315671   1.2371   1.0342 7572630.1563  16.2406   0.4581
0.266951 0.529767607   1.2417   1.0339 7595869.4366  16.2465   0.4563
0.265985 0.527219543   1.2486   1.0336 7630943.1104  16.2554   0.4537
0.264048 0.522083929   1.2577   1.0331 7678107.1472  16.2672   0.4501
0.262108 0.516908903   1.2669   1.0324 7725739.2679  16.2790   0.4466
0.260166 0.511694556   1.2738   1.0317 7761776.2495  16.2879   0.4440
0.259193 0.509067773   1.2806   1.0314 7798130.0356  16.2967   0.4414
0.257246 0.503794657   1.2897   1.0307 7846972.9976  16.3085   0.4379
0.255298 0.498482506   1.2966   1.0299 7883891.5420  16.3174   0.4353
0.254324 0.495816688   1.3034   1.0295 7921136.0071  16.3262   0.4327
0.252370 0.490446232   1.3125   1.0286 7971252.6756  16.3380   0.4292
0.250413 0.485037119   1.3194   1.0277 8009191.6113  16.3469   0.4267
0.249432 0.482313324   1.3240   1.0273 8034648.5273  16.3528   0.4249
0.248453 0.479589529   1.3308   1.0268 8073081.7447  16.3616   0.4224
0.246489 0.474103658   1.3399   1.0258 8124816.9995  16.3734   0.4189
0.244522 0.468579722   1.3490   1.0247 8177114.3733  16.3852   0.4155
0.242550 0.463017953   1.3558   1.0236 8216723.1453  16.3941   0.4130
0.241561 0.460218277   1.3604   1.0230 8243304.4977  16.4000   0.4112
0.240575 0.457418602   1.3672   1.0224 8283441.0013  16.4088   0.4087
0.238595 0.451781940   1.3762   1.0212 8337493.9573  16.4206   0.4053
0.236611 0.446108258   1.3853   1.0198 8392155.6546  16.4324   0.4019
0.234622 0.440397867   1.3944   1.0184 8447438.1031  16.4442   0.3985
0.232628 0.434651100   1.4035   1.0169 8503353.4803  16.4560   0.3951
0.230629 0.428868311   1.4125   1.0154 8559914.1391  16.4678   0.3917
0.228625 0.423049880   1.4216   1.0137 8617132.6110  16.4796   0.3882
0.226616 0.417196209   1.4307   1.0119 8675021.6161  16.4914   0.3848
0.224601 0.411307723   1.4397   1.0101 8733594.0686  16.5032   0.3814
0.222580 0.405384876   1.4488   1.0081 8792863.0820  16.5151   0.3780
0.220553 0.399428148   1.4578   1.0060 8852841.9764  16.5269   0.3745
0.218519 0.393438045   1.4669   1.0038 8913544.2905  16.5387   0.3711
0.216479 0.387415104   1.4760   1.0014 8974983.8131  16.5505   0.3676
0.214432 0.381359892   1.4850   0.9990 9037174.7046  16.5624   0.3641
0.212378 0.375273006   1.4941   0.9963 9100131.6339  16.5742   0.3606
0.210316 0.369155074   1.5031   0.9936 9163869.8258  16.5860   0.3572
0.208247 0.363006762   1.5100   0.9906 9212232.4942  16.5949   0.3545
0.207208 0.359917763   1.5168   0.9891 9261014.4890  16.6038   0.3519
0.205127 0.353725291   1.5258   0.9859 9326775.5464  16.6156   0.3484
0.203037 0.347504254   1.5327   0.9825 9376652.2043  16.6246   0.3458
0.201990 0.344386690   1.5395   0.9808 9426959.5211  16.6334   0.3431
0.199887 0.338124194   1.5486   0.9771 9494853.6766  16.6453   0.3396
0.197775 0.331835180   1.5577   0.9732 9563633.7686  16.6572   0.3361
0.195653 0.325520539   1.5668   0.9691 9633319.8006  16.6690   0.3326
0.193521 0.319181210   1.5759   0.9647 9703932.6224  16.6809   0.3291
0.191380 0.312818174   1.5850   0.9602 9775493.9717  16.6928   0.3256
0.189227 0.306432462   1.5942   0.9553 9848026.5055  16.7047   0.3221
0.187064 0.300025155   1.6034   0.9502 9921553.8239  16.7166   0.3186
0.184889 0.293597384   1.6126   0.9448 9996100.4800  16.7285   0.3151
0.182702 0.287150337   1.6218   0.9391 10071691.9331  16.7405   0.3116
0.180503 0.280685256   1.6310   0.9331 10148354.3439  16.7524   0.3082
0.178291 0.274203443   1.6402   0.9267 10226114.3055  16.7643   0.3048
0.176066 0.267706262   1.6495   0.9200 10304998.6350  16.7763   0.3013
0.173827 0.261195140   1.6588   0.9129 10385034.1686  16.7883   0.2979
0.171574 0.254671574   1.6681   0.9055 10466247.5087  16.8003   0.2945
0.169307 0.248137130   1.6775   0.8976 10548664.7262  16.8123   0.2911
0.167023 0.241593450   1.6869   0.8894 10632311.0575  16.8243   0.2876
0.164724 0.235042254   1.6963   0.8807 10717210.6419  16.8363   0.2841
0.162409 0.228485343   1.7058   0.8716 10803386.3554  16.8484   0.2806
0.160076 0.221924608   1.7153   0.8619 10890859.8134  16.8604   0.2771
0.157725 0.215362028   1.7248   0.8518 10979651.5648  16.8725   0.2734
0.155356 0.208799681   1.7344   0.8412 11069781.5071  16.8846   0.2697
0.152967 0.202239744   1.7440   0.8301 11161269.4769  16.8967   0.2660
0.150557 0.195684502   1.7537   0.8184 11254135.9033  16.9089   0.2622
0.148127 0.189136354   1.7635   0.8062 11348402.3907  16.9210   0.2583
0.145675 0.182597819   1.7733   0.7934 11444092.1236  16.9332   0.2544
0.143199 0.176071543   1.7832   0.7799 11541230.0144  16.9454   0.2504
0.140699 0.169560309   1.7931   0.7659 11639842.5916  16.9577   0.2464
0.138174 0.163067043   1.8031   0.7512 11739957.7249  16.9699   0.2423
0.135623 0.156594828   1.8132   0.7358 11841604.2760  16.9822   0.2382
0.133044 0.150146910   1.8234   0.7197 11944811.7815  16.9945   0.2341
0.130436 0.143726711   1.8337   0.7029 12049610.1438  17.0069   0.2299
0.127797 0.137337845   1.8441   0.6854 12156029.4513  17.0193   0.2257
0.125126 0.130984129   1.8546   0.6671 12264100.0315  17.0317   0.2215
0.122420 0.124669602   1.8638   0.6481 12360181.0349  17.0426   0.2177
0.120370 0.119966307   1.8718   0.6333 12443403.9766  17.0519   0.2144
0.118297 0.115287013   1.8785   0.6181 12513725.7839  17.0598   0.2117
0.116900 0.112175485   1.8839   0.6077 12570330.4050  17.0661   0.2095
0.115499 0.109090369   1.8920   0.5972 12655638.7422  17.0754   0.2062
0.112658 0.102949116   1.9030   0.5755 12771509.4790  17.0880   0.2017
0.109772 0.096868555   1.9114   0.5530 12860113.9753  17.0975   0.1983
0.108307 0.093844131   1.9198   0.5414 12948927.7119  17.1070   0.1948
0.105348 0.087864557   1.9311   0.5178 13069461.8080  17.1197   0.1902
0.102336 0.081960518   1.9426   0.4934 13191926.2691  17.1324   0.1856
0.099266 0.076138740   1.9571   0.4683 13346710.8876  17.1483   0.1798
0.094548 0.067589002   1.9750   0.4294 13537888.9695  17.1676   0.1727
0.089655 0.059242440   1.9933   0.3889 13733801.5210  17.1870   0.1655
0.084595 0.051184081   2.0091   0.3472 13902053.4745  17.2035   0.1595
0.081097 0.045963575   2.0249   0.3187 14071379.3585  17.2198   0.1535
0.075627 0.038384038   2.0415   0.2752 14247869.0649  17.2365   0.1474
0.071827 0.033543440   2.0580   0.2460 14423678.1005  17.2529   0.1414
0.065854 0.026648627   2.0755   0.2021 14607972.8877  17.2699   0.1352
0.061623 0.022291872   2.0927   0.1730 14789448.1337  17.2863   0.1292
0.054939 0.016298442   2.1145   0.1308 15015973.2679  17.3065   0.1217
0.047386 0.010807840   2.1375   0.0899 15253533.0198  17.3273   0.1138
0.038370 0.005944316   2.1584   0.0513 15466664.0120  17.3457   0.1066
0.031336 0.003314756   2.1730   0.0293 15614254.0804  17.3583   0.1015
0.025009 0.001715487   2.1837   0.0154 15722063.7284  17.3674   0.0976
0.019733 0.000853015   2.1906   0.0078 15791221.1639  17.3732   0.0952
0.016150 0.000470703   2.1948   0.0043 15832828.8585  17.3767   0.0936
0.012887 0.000240352   2.1978   0.0022 15862246.1773  17.3791   0.0926
0.010357 0.000125176   2.1996   0.0012 15880550.4119  17.3806   0.0919
0.008429 0.000067588   2.2007   0.0006 15891798.1727  17.3816   0.0915
0.007002 0.000038795   2.2014   0.0004 15898568.3349  17.3821   0.0912
0.005998 0.000024398   2.2018   0.0002 15902520.3886  17.3825   0.0911
0.005337 0.000017199   2.2021   0.0002 15905481.1749  17.3827   0.0910
0.004454 0.000010001   2.2024   0.0001 15908487.4049  17.3830   0.0909
0.003535 0.000005000   2.2026   0.0000 15910816.6038  17.3832   0.0908
0.002805 0.000002500   2.2028   0.0000 15912284.0519  17.3833   0.0907
0.002226 0.000001250   2.2029   0.0000 15913208.5434  17.3834   0.0907
0.001767 0.000000625   2.2029   0.0000 15913790.9591  17.3834   0.0907
0.001402 0.000000313   2.2030   0.0000 15914157.8666  17.3834   0.0907
0.001113 0.000000156   2.2030   0.0000 15914389.0068  17.3835   0.0907
