      0.11950000       61.900000
      0.12050000       561.40000
      0.12150000       4901.0000
      0.12250000       1184.0000
      0.12350000       47.700000
      0.12450000       34.300000
      0.12550000       28.800000
      0.12650000       35.200000
      0.12750000       21.300000
      0.12850000       17.300000
      0.12950000       39.900000
      0.13050000       120.60000
      0.13150000       39.800000
      0.13250000       41.300000
      0.13350000       168.00000
      0.13450000       45.700000
      0.13550000       38.000000
      0.13650000       30.900000
      0.13750000       29.200000
      0.13850000       39.700000
      0.13950000       75.600000
      0.14050000       60.800000
      0.14150000       42.100000
      0.14250000       46.800000
      0.14350000       51.100000
      0.14450000       50.900000
      0.14550000       55.400000
      0.14650000       70.900000
      0.14750000       84.900000
      0.14850000       82.000000
      0.14950000       79.600000
      0.15050000       87.000000
      0.15150000       92.700000
      0.15250000       116.30000
      0.15350000       129.90000
      0.15450000       205.90000
      0.15550000       214.40000
      0.15650000       184.70000
      0.15750000       171.70000
      0.15850000       167.50000
      0.15950000       175.40000
      0.16050000       193.40000
      0.16150000       222.80000
      0.16250000       251.90000
      0.16350000       284.10000
      0.16450000       297.30000
      0.16550000       430.20000
      0.16650000       398.90000
      0.16750000       387.50000
      0.16850000       455.60000
      0.16950000       587.70000
      0.17050000       661.60000
      0.17150000       688.00000
      0.17250000       725.20000
      0.17350000       764.50000
      0.17450000       906.70000
      0.17550000       1079.0000
      0.17650000       1220.0000
      0.17750000       1403.0000
      0.17850000       1538.0000
      0.17950000       1576.0000
      0.18050000       1831.0000
      0.18150000       2233.0000
      0.18250000       2243.0000
      0.18350000       2244.0000
      0.18450000       2066.0000
      0.18550000       2311.0000
      0.18650000       2700.0000
      0.18750000       3009.0000
      0.18850000       3291.0000
      0.18950000       3569.0000
      0.19050000       3764.0000
      0.19150000       4165.0000
      0.19250000       4113.0000
      0.19350000       3808.0000
      0.19450000       5210.0000
      0.19550000       5427.0000
      0.19650000       6008.0000
      0.19750000       6191.0000
      0.19850000       6187.0000
      0.19950000       6664.0000
      0.20050000       7326.0000
      0.20150000       8023.0000
      0.20250000       8261.0000
      0.20350000       9217.0000
      0.20450000       10250.000
      0.20550000       10540.000
      0.20650000       11080.000
      0.20750000       12650.000
      0.20850000       15050.000
      0.20950000       21380.000
      0.21050000       27920.000
      0.21150000       33540.000
      0.21250000       31300.000
      0.21350000       33150.000
      0.21450000       40030.000
      0.21550000       36150.000
      0.21650000       32270.000
      0.21750000       35290.000
      0.21850000       44370.000
      0.21950000       46920.000
      0.22050000       47330.000
      0.22150000       39580.000
      0.22250000       49650.000
      0.22350000       63010.000
      0.22450000       58970.000
      0.22550000       52290.000
      0.22650000       39400.000
      0.22750000       39920.000
      0.22850000       51950.000
      0.22950000       47710.000
      0.23050000       52120.000
      0.23150000       50970.000
      0.23250000       53260.000
      0.23350000       44740.000
      0.23450000       38970.000
      0.23550000       51420.000
      0.23650000       48590.000
      0.23750000       48440.000
      0.23850000       41960.000
      0.23950000       44120.000
      0.24050000       39560.000
      0.24150000       51480.000
      0.24250000       70600.000
      0.24350000       66530.000
      0.24450000       60970.000
      0.24550000       49390.000
      0.24650000       50400.000
      0.24750000       55500.000
      0.24850000       45650.000
      0.24950000       56380.000
      0.25050000       60100.000
      0.25150000       46010.000
      0.25250000       41550.000
      0.25350000       51550.000
      0.25450000       59570.000
      0.25550000       79300.000
      0.25650000       101800.00
      0.25750000       125400.00
      0.25850000       125100.00
      0.25950000       104000.00
      0.26050000       85510.000
      0.26150000       89800.000
      0.26250000       103600.00
      0.26350000       165800.00
      0.26450000       249700.00
      0.26550000       252700.00
      0.26650000       249400.00
      0.26750000       250800.00
      0.26850000       243800.00
      0.26950000       238900.00
      0.27050000       267300.00
      0.27150000       224400.00
      0.27250000       197400.00
      0.27350000       196500.00
      0.27450000       132600.00
      0.27550000       175100.00
      0.27650000       242800.00
      0.27750000       233800.00
      0.27850000       159300.00
      0.27950000       85550.000
      0.28050000       94630.000
      0.28150000       208300.00
      0.28250000       294100.00
      0.28350000       313500.00
      0.28450000       235300.00
      0.28550000       163100.00
      0.28650000       322700.00
      0.28750000       336300.00
      0.28850000       322200.00
      0.28950000       472700.00
      0.29050000       601300.00
      0.29150000       580800.00
      0.29250000       521900.00
      0.29350000       535500.00
      0.29450000       508800.00
      0.29550000       553200.00
      0.29650000       509600.00
      0.29750000       507300.00
      0.29850000       465500.00
      0.29950000       484000.00
      0.30050000       420000.00
      0.30150000       455500.00
      0.30250000       489000.00
      0.30350000       620600.00
      0.30450000       602500.00
      0.30550000       594800.00
      0.30650000       555700.00
      0.30750000       615000.00
      0.30850000       611400.00
      0.30950000       496500.00
      0.31050000       622400.00
      0.31150000       729200.00
      0.31250000       655900.00
      0.31350000       699900.00
      0.31450000       662900.00
      0.31550000       633000.00
      0.31650000       633200.00
      0.31750000       773900.00
      0.31850000       664900.00
      0.31950000       710500.00
      0.32050000       805100.00
      0.32150000       699500.00
      0.32250000       688600.00
      0.32350000       661300.00
      0.32450000       760800.00
      0.32550000       875800.00
      0.32650000       979500.00
      0.32750000       952700.00
      0.32850000       917600.00
      0.32950000       1061000.0
      0.33050000       1016000.0
      0.33150000       965700.00
      0.33250000       954900.00
      0.33350000       921600.00
      0.33450000       958900.00
      0.33550000       943400.00
      0.33650000       809500.00
      0.33750000       841800.00
      0.33850000       921500.00
      0.33950000       958100.00
      0.34050000       1007000.0
      0.34150000       923800.00
      0.34250000       993000.00
      0.34350000       950600.00
      0.34450000       795700.00
      0.34550000       939200.00
      0.34650000       926400.00
      0.34750000       901700.00
      0.34850000       897200.00
      0.34950000       889800.00
      0.35050000       1050000.0
      0.35150000       979500.00
      0.35250000       907900.00
      0.35350000       1033000.0
      0.35450000       1111000.0
      0.35550000       1045000.0
      0.35650000       912300.00
      0.35750000       796000.00
      0.35850000       693600.00
      0.35950000       991100.00
      0.36050000       970800.00
      0.36150000       878100.00
      0.36250000       997800.00
      0.36350000       996900.00
      0.36450000       1013000.0
      0.36550000       1152000.0
      0.36650000       1233000.0
      0.36750000       1180000.0
      0.36850000       1101000.0
      0.36950000       1226000.0
      0.37050000       1139000.0
      0.37150000       1175000.0
      0.37250000       1054000.0
      0.37350000       920200.00
      0.37450000       900400.00
      0.37550000       1062000.0
      0.37650000       1085000.0
      0.37750000       1282000.0
      0.37850000       1327000.0
      0.37950000       1066000.0
      0.38050000       1202000.0
      0.38150000       1082000.0
      0.38250000       791300.00
      0.38350000       684100.00
      0.38450000       959700.00
      0.38550000       1008000.0
      0.38650000       1007000.0
      0.38750000       1004000.0
      0.38850000       984300.00
      0.38950000       1174000.0
      0.39050000       1247000.0
      0.39150000       1342000.0
      0.39250000       1019000.0
      0.39350000       582300.00
      0.39450000       1026000.0
      0.39550000       1314000.0
      0.39650000       854500.00
      0.39750000       928800.00
      0.39850000       1522000.0
      0.39950000       1663000.0
      0.40050000       1682000.0
      0.40150000       1746000.0
      0.40250000       1759000.0
      0.40350000       1684000.0
      0.40450000       1674000.0
      0.40550000       1667000.0
      0.40650000       1589000.0
      0.40750000       1628000.0
      0.40850000       1735000.0
      0.40950000       1715000.0
      0.41050000       1532000.0
      0.41150000       1817000.0
      0.41250000       1789000.0
      0.41350000       1756000.0
      0.41450000       1737000.0
      0.41550000       1734000.0
      0.41650000       1842000.0
      0.41750000       1665000.0
      0.41850000       1684000.0
      0.41950000       1701000.0
      0.42050000       1757000.0
      0.42150000       1797000.0
      0.42250000       1582000.0
      0.42350000       1711000.0
      0.42450000       1767000.0
      0.42550000       1695000.0
      0.42650000       1698000.0
      0.42750000       1569000.0
      0.42850000       1587000.0
      0.42950000       1475000.0
      0.43050000       1135000.0
      0.43150000       1686000.0
      0.43250000       1646000.0
      0.43350000       1731000.0
      0.43450000       1670000.0
      0.43550000       1723000.0
      0.43650000       1929000.0
      0.43750000       1806000.0
      0.43850000       1567000.0
      0.43950000       1825000.0
      0.44050000       1713000.0
      0.44150000       1931000.0
      0.44250000       1980000.0
      0.44350000       1909000.0
      0.44450000       1973000.0
      0.44550000       1821000.0
      0.44650000       1891000.0
      0.44750000       2077000.0
      0.44850000       1973000.0
      0.44950000       2027000.0
      0.45050000       2144000.0
      0.45150000       2109000.0
      0.45250000       1941000.0
      0.45350000       1970000.0
      0.45450000       1979000.0
      0.45550000       2034000.0
      0.45650000       2077000.0
      0.45750000       2100000.0
      0.45850000       1971000.0
      0.45950000       2009000.0
      0.46050000       2040000.0
      0.46150000       2055000.0
      0.46250000       2104000.0
      0.46350000       2040000.0
      0.46450000       1976000.0
      0.46550000       2042000.0
      0.46650000       1921000.0
      0.46750000       2015000.0
      0.46850000       1994000.0
      0.46950000       1990000.0
      0.47050000       1877000.0
      0.47150000       2018000.0
      0.47250000       2041000.0
      0.47350000       1991000.0
      0.47450000       2051000.0
      0.47550000       2016000.0
      0.47650000       1956000.0
      0.47750000       2075000.0
      0.47850000       2009000.0
      0.47950000       2076000.0
      0.48050000       2035000.0
      0.48150000       2090000.0
      0.48250000       2023000.0
      0.48350000       2019000.0
      0.48450000       1969000.0
      0.48550000       1830000.0
      0.48650000       1625000.0
      0.48750000       1830000.0
      0.48850000       1914000.0
      0.48950000       1960000.0
      0.49050000       2007000.0
      0.49150000       1896000.0
      0.49250000       1896000.0
      0.49350000       1888000.0
      0.49450000       2058000.0
      0.49550000       1926000.0
      0.49650000       2017000.0
      0.49750000       2018000.0
      0.49850000       1866000.0
      0.49950000       1970000.0
      0.50050000       1857000.0
      0.50150000       1812000.0
      0.50250000       1894000.0
      0.50350000       1934000.0
      0.50450000       1869000.0
      0.50550000       1993000.0
      0.50650000       1961000.0
      0.50750000       1906000.0
      0.50850000       1919000.0
      0.50950000       1916000.0
      0.51050000       1947000.0
      0.51150000       1997000.0
      0.51250000       1867000.0
      0.51350000       1861000.0
      0.51450000       1874000.0
      0.51550000       1900000.0
      0.51650000       1669000.0
      0.51750000       1726000.0
      0.51850000       1654000.0
      0.51950000       1828000.0
      0.52050000       1831000.0
      0.52150000       1906000.0
      0.52250000       1823000.0
      0.52350000       1894000.0
      0.52450000       1958000.0
      0.52550000       1930000.0
      0.52650000       1674000.0
      0.52750000       1828000.0
      0.52850000       1897000.0
      0.52950000       1918000.0
      0.53050000       1952000.0
      0.53150000       1963000.0
      0.53250000       1770000.0
      0.53350000       1923000.0
      0.53450000       1858000.0
      0.53550000       1990000.0
      0.53650000       1871000.0
      0.53750000       1882000.0
      0.53850000       1904000.0
      0.53950000       1832000.0
      0.54050000       1769000.0
      0.54150000       1881000.0
      0.54250000       1825000.0
      0.54350000       1879000.0
      0.54450000       1879000.0
      0.54550000       1901000.0
      0.54650000       1879000.0
      0.54750000       1833000.0
      0.54850000       1863000.0
      0.54950000       1895000.0
      0.55050000       1862000.0
      0.55150000       1871000.0
      0.55250000       1846000.0
      0.55350000       1882000.0
      0.55450000       1898000.0
      0.55550000       1897000.0
      0.55650000       1821000.0
      0.55750000       1846000.0
      0.55850000       1787000.0
      0.55950000       1808000.0
      0.56050000       1843000.0
      0.56150000       1824000.0
      0.56250000       1850000.0
      0.56350000       1861000.0
      0.56450000       1854000.0
      0.56550000       1798000.0
      0.56650000       1829000.0
      0.56750000       1887000.0
      0.56850000       1810000.0
      0.56950000       1860000.0
      0.57050000       1769000.0
      0.57150000       1823000.0
      0.57250000       1892000.0
      0.57350000       1876000.0
      0.57450000       1867000.0
      0.57550000       1830000.0
      0.57650000       1846000.0
      0.57750000       1857000.0
      0.57850000       1783000.0
      0.57950000       1828000.0
      0.58050000       1838000.0
      0.58150000       1853000.0
      0.58250000       1873000.0
      0.58350000       1857000.0
      0.58450000       1860000.0
      0.58550000       1783000.0
      0.58650000       1830000.0
      0.58750000       1848000.0
      0.58850000       1750000.0
      0.58950000       1612000.0
      0.59050000       1813000.0
      0.59150000       1787000.0
      0.59250000       1808000.0
      0.59350000       1796000.0
      0.59450000       1773000.0
      0.59550000       1782000.0
      0.59650000       1805000.0
      0.59750000       1780000.0
      0.59850000       1757000.0
      0.59950000       1774000.0
      0.60050000       1746000.0
      0.60150000       1751000.0
      0.60250000       1719000.0
      0.60350000       1787000.0
      0.60450000       1776000.0
      0.60550000       1763000.0
      0.60650000       1759000.0
      0.60750000       1757000.0
      0.60850000       1743000.0
      0.60950000       1744000.0
      0.61050000       1703000.0
      0.61150000       1746000.0
      0.61250000       1705000.0
      0.61350000       1683000.0
      0.61450000       1713000.0
      0.61550000       1713000.0
      0.61650000       1609000.0
      0.61750000       1707000.0
      0.61850000       1724000.0
      0.61950000       1707000.0
      0.62050000       1734000.0
      0.62150000       1690000.0
      0.62250000       1713000.0
      0.62350000       1666000.0
      0.62450000       1656000.0
      0.62550000       1632000.0
      0.62650000       1697000.0
      0.62750000       1697000.0
      0.62850000       1697000.0
      0.62950000       1677000.0
      0.63100000       1639000.0
      0.63300000       1651000.0
      0.63500000       1656000.0
      0.63700000       1654000.0
      0.63900000       1651000.0
      0.64100000       1614000.0
      0.64300000       1621000.0
      0.64500000       1627000.0
      0.64700000       1603000.0
      0.64900000       1558000.0
      0.65100000       1606000.0
      0.65300000       1599000.0
      0.65500000       1532000.0
      0.65700000       1384000.0
      0.65900000       1549000.0
      0.66100000       1571000.0
      0.66300000       1555000.0
      0.66500000       1560000.0
      0.66700000       1535000.0
      0.66900000       1546000.0
      0.67100000       1516000.0
      0.67300000       1521000.0
      0.67500000       1510000.0
      0.67700000       1508000.0
      0.67900000       1498000.0
      0.68100000       1492000.0
      0.68300000       1479000.0
      0.68500000       1455000.0
      0.68700000       1467000.0
      0.68900000       1461000.0
      0.69100000       1448000.0
      0.69300000       1448000.0
      0.69500000       1436000.0
      0.69700000       1416000.0
      0.69900000       1425000.0
      0.70100000       1386000.0
      0.70300000       1388000.0
      0.70500000       1415000.0
      0.70700000       1400000.0
      0.70900000       1384000.0
      0.71100000       1385000.0
      0.71300000       1373000.0
      0.71500000       1366000.0
      0.71700000       1354000.0
      0.71900000       1328000.0
      0.72100000       1331000.0
      0.72300000       1348000.0
      0.72500000       1350000.0
      0.72700000       1346000.0
      0.72900000       1319000.0
      0.73100000       1326000.0
      0.73300000       1318000.0
      0.73500000       1309000.0
      0.73700000       1307000.0
      0.73900000       1278000.0
      0.74100000       1258000.0
      0.74300000       1286000.0
      0.74500000       1279000.0
      0.74700000       1283000.0
      0.74900000       1270000.0
      0.75100000       1262000.0
      0.75300000       1259000.0
      0.75500000       1255000.0
      0.75700000       1248000.0
      0.75900000       1240000.0
      0.76100000       1237000.0
      0.76300000       1241000.0
      0.76500000       1221000.0
      0.76700000       1185000.0
      0.76900000       1203000.0
      0.77100000       1204000.0
      0.77300000       1208000.0
      0.77500000       1188000.0
      0.77700000       1196000.0
      0.77900000       1187000.0
      0.78100000       1187000.0
      0.78300000       1176000.0
      0.78500000       1180000.0
      0.78700000       1177000.0
      0.78900000       1174000.0
      0.79100000       1158000.0
      0.79300000       1143000.0
      0.79500000       1134000.0
      0.79700000       1152000.0
      0.79900000       1135000.0
      0.80100000       1142000.0
      0.80300000       1129000.0
      0.80500000       1115000.0
      0.80700000       1120000.0
      0.80900000       1095000.0
      0.81100000       1114000.0
      0.81300000       1115000.0
      0.81500000       1107000.0
      0.81700000       1104000.0
      0.81900000       1063000.0
      0.82100000       1080000.0
      0.82300000       1073000.0
      0.82500000       1075000.0
      0.82600000       1080000.0
      0.82800000       1081000.0
      0.83000000       1063000.0
      0.83200000       1051000.0
      0.83400000       1041000.0
      0.83600000       1052000.0
      0.83800000       1044000.0
      0.84000000       1040000.0
      0.84200000       1036000.0
      0.84400000       1024000.0
      0.84600000       1028000.0
      0.84800000       1023000.0
      0.85000000       966000.00
      0.85200000       996100.00
      0.85400000       878000.00
      0.85600000       975500.00
      0.85800000       1005000.0
      0.86000000       996900.00
      0.86200000       994900.00
      0.86400000       999300.00
      0.86600000       886200.00
      0.86800000       939500.00
      0.87000000       974700.00
      0.87200000       983300.00
      0.87400000       971300.00
      0.87600000       964000.00
      0.87800000       974900.00
      0.88000000       955400.00
      0.88200000       951100.00
      0.88400000       957900.00
      0.88600000       938300.00
      0.88800000       944300.00
      0.89000000       953000.00
      0.89200000       939400.00
      0.89400000       933200.00
      0.89600000       938700.00
      0.89800000       933900.00
      0.90000000       915800.00
      0.90200000       891600.00
      0.90400000       928500.00
      0.90600000       917600.00
      0.90800000       902500.00
      0.91000000       891600.00
      0.91200000       896700.00
      0.91400000       907100.00
      0.91600000       900400.00
      0.91800000       895100.00
      0.92000000       890800.00
      0.92200000       863000.00
      0.92400000       858500.00
      0.92600000       861200.00
      0.92800000       876900.00
      0.93000000       867700.00
      0.93200000       865100.00
      0.93400000       864100.00
      0.93600000       854700.00
      0.93800000       858000.00
      0.94000000       843800.00
      0.94200000       825000.00
      0.94400000       832400.00
      0.94600000       837500.00
      0.94800000       840700.00
      0.95000000       836900.00
      0.95200000       831700.00
      0.95400000       808000.00
      0.95600000       808200.00
      0.95800000       818800.00
      0.96000000       815100.00
      0.96200000       808900.00
      0.96400000       801300.00
      0.96600000       794700.00
      0.96800000       796900.00
      0.97000000       795900.00
      0.97200000       793600.00
      0.97400000       781500.00
      0.97600000       782500.00
      0.97800000       777900.00
      0.98000000       774600.00
      0.98200000       776400.00
      0.98400000       769800.00
      0.98600000       766100.00
      0.98800000       761500.00
      0.99000000       754100.00
      0.99200000       756700.00
      0.99400000       755600.00
      0.99600000       752500.00
      0.99800000       751000.00
       1.0000000       747900.00
       1.0020000       746900.00
       1.0040000       726100.00
       1.0060000       713600.00
       1.0080000       733500.00
       1.0100000       731300.00
       1.0120000       726200.00
       1.0140000       721000.00
       1.0160000       713900.00
       1.0180000       710700.00
       1.0200000       704100.00
       1.0220000       702100.00
       1.0240000       705400.00
       1.0260000       702700.00
       1.0280000       698900.00
       1.0300000       693700.00
       1.0320000       690500.00
       1.0340000       681700.00
       1.0360000       684000.00
       1.0380000       677200.00
       1.0400000       676100.00
       1.0420000       674600.00
       1.0440000       671400.00
       1.0460000       660000.00
       1.0480000       664400.00
       1.0500000       662200.00
       1.0520000       658600.00
       1.0540000       654900.00
       1.0560000       655700.00
       1.0580000       645100.00
       1.0600000       641500.00
       1.0620000       643800.00
       1.0640000       645900.00
       1.0660000       639500.00
       1.0680000       631700.00
       1.0700000       624100.00
       1.0720000       632600.00
       1.0740000       627600.00
       1.0760000       628000.00
       1.0780000       627200.00
       1.0800000       624700.00
       1.0820000       609900.00
       1.0840000       618000.00
       1.0860000       620800.00
       1.0880000       610300.00
       1.0900000       619900.00
       1.0920000       615900.00
       1.0940000       584900.00
       1.0960000       598300.00
       1.0980000       596100.00
       1.1000000       604200.00
       1.1020000       593200.00
       1.1040000       597400.00
       1.1060000       594500.00
       1.1080000       591600.00
       1.1100000       590600.00
       1.1120000       584300.00
       1.1140000       584400.00
       1.1160000       583100.00
       1.1180000       581500.00
       1.1200000       574100.00
       1.1220000       579600.00
       1.1240000       576900.00
       1.1260000       565500.00
       1.1280000       570000.00
       1.1300000       565300.00
       1.1320000       567800.00
       1.1340000       563800.00
       1.1360000       565800.00
       1.1380000       556900.00
       1.1400000       553000.00
       1.1420000       553100.00
       1.1440000       551400.00
       1.1460000       554800.00
       1.1480000       552500.00
       1.1500000       548900.00
       1.1520000       545800.00
       1.1540000       547900.00
       1.1560000       545500.00
       1.1580000       543500.00
       1.1600000       532000.00
       1.1620000       532500.00
       1.1640000       533200.00
       1.1660000       530300.00
       1.1680000       531200.00
       1.1700000       527600.00
       1.1720000       531500.00
       1.1740000       527300.00
       1.1760000       518400.00
       1.1780000       519000.00
       1.1800000       523900.00
       1.1820000       515900.00
       1.1840000       510300.00
       1.1860000       518700.00
       1.1880000       507500.00
       1.1900000       508500.00
       1.1920000       516100.00
       1.1940000       514500.00
       1.1960000       508400.00
       1.1980000       494300.00
       1.2000000       500300.00
       1.2020000       506800.00
       1.2040000       494800.00
       1.2060000       503900.00
       1.2080000       489000.00
       1.2100000       488200.00
       1.2120000       493300.00
       1.2140000       494200.00
       1.2160000       493000.00
       1.2180000       489700.00
       1.2200000       487500.00
       1.2220000       485400.00
       1.2240000       484600.00
       1.2260000       481700.00
       1.2280000       477100.00
       1.2300000       479200.00
       1.2320000       475000.00
       1.2340000       472900.00
       1.2360000       471900.00
       1.2380000       470300.00
       1.2400000       465300.00
       1.2420000       464200.00
       1.2440000       461900.00
       1.2460000       463500.00
       1.2480000       463300.00
       1.2500000       462400.00
       1.2520000       457100.00
       1.2540000       457400.00
       1.2560000       455100.00
       1.2580000       453300.00
       1.2600000       453000.00
       1.2620000       449700.00
       1.2640000       447800.00
       1.2660000       446700.00
       1.2680000       441700.00
       1.2700000       445300.00
       1.2720000       445200.00
       1.2740000       443100.00
       1.2760000       445100.00
       1.2780000       444000.00
       1.2800000       435600.00
       1.2820000       401400.00
       1.2840000       425900.00
       1.2860000       432800.00
       1.2880000       431400.00
       1.2900000       425500.00
       1.2920000       425400.00
       1.2940000       422300.00
       1.2960000       422400.00
       1.2980000       418400.00
       1.3000000       418600.00
       1.3020000       413900.00
       1.3040000       411100.00
       1.3060000       413600.00
       1.3080000       412300.00
       1.3100000       410600.00
       1.3120000       403300.00
       1.3140000       402200.00
       1.3160000       397900.00
       1.3180000       401700.00
       1.3200000       401600.00
       1.3220000       398600.00
       1.3240000       398100.00
       1.3260000       394900.00
       1.3280000       390800.00
       1.3300000       387800.00
       1.3320000       386300.00
       1.3340000       389200.00
       1.3360000       386600.00
       1.3380000       383200.00
       1.3400000       379000.00
       1.3420000       380500.00
       1.3440000       379800.00
       1.3460000       377200.00
       1.3480000       376600.00
       1.3500000       372400.00
       1.3520000       374200.00
       1.3540000       372200.00
       1.3560000       367500.00
       1.3580000       368800.00
       1.3600000       367300.00
       1.3620000       367700.00
       1.3640000       365700.00
       1.3660000       365700.00
       1.3680000       362800.00
       1.3700000       359900.00
       1.3720000       362100.00
       1.3740000       361100.00
       1.3760000       356100.00
       1.3780000       358000.00
       1.3800000       357900.00
       1.3820000       354500.00
       1.3840000       354700.00
       1.3860000       353200.00
       1.3880000       353000.00
       1.3900000       350600.00
       1.3920000       351300.00
       1.3940000       348800.00
       1.3960000       348700.00
       1.3980000       349200.00
       1.4000000       342700.00
       1.4020000       343900.00
       1.4040000       342800.00
       1.4060000       343100.00
       1.4080000       342700.00
       1.4100000       341800.00
       1.4120000       334800.00
       1.4140000       337700.00
       1.4160000       338500.00
       1.4180000       338600.00
       1.4200000       335700.00
       1.4220000       331500.00
       1.4240000       331100.00
       1.4260000       328100.00
       1.4280000       328500.00
       1.4300000       325700.00
       1.4320000       330000.00
       1.4340000       328400.00
       1.4360000       328500.00
       1.4380000       328300.00
       1.4400000       318800.00
       1.4420000       318600.00
       1.4440000       319700.00
       1.4460000       321600.00
       1.4480000       321600.00
       1.4500000       318700.00
       1.4520000       315400.00
       1.4540000       314300.00
       1.4560000       313100.00
       1.4580000       316700.00
       1.4600000       315600.00
       1.4620000       312100.00
       1.4640000       310500.00
       1.4660000       310800.00
       1.4680000       311400.00
       1.4700000       310200.00
       1.4720000       307300.00
       1.4740000       303400.00
       1.4760000       304800.00
       1.4780000       304400.00
       1.4800000       306800.00
       1.4820000       304400.00
       1.4840000       303900.00
       1.4860000       303300.00
       1.4880000       285500.00
       1.4900000       301500.00
       1.4920000       301800.00
       1.4940000       303300.00
       1.4960000       297200.00
       1.4980000       299400.00
       1.5000000       301100.00
       1.5020000       292400.00
       1.5040000       279900.00
       1.5060000       284800.00
       1.5080000       291900.00
       1.5100000       294700.00
       1.5120000       291300.00
       1.5140000       288300.00
       1.5160000       288200.00
       1.5180000       288400.00
       1.5200000       286600.00
       1.5220000       282400.00
       1.5240000       283500.00
       1.5260000       284600.00
       1.5280000       284600.00
       1.5300000       276500.00
       1.5320000       282300.00
       1.5340000       278400.00
       1.5360000       280600.00
       1.5380000       277300.00
       1.5400000       273000.00
       1.5420000       275300.00
       1.5440000       277800.00
       1.5460000       277200.00
       1.5480000       271100.00
       1.5500000       271300.00
       1.5520000       273100.00
       1.5540000       267600.00
       1.5560000       267100.00
       1.5580000       268900.00
       1.5600000       268300.00
       1.5620000       269700.00
       1.5640000       266900.00
       1.5660000       265400.00
       1.5680000       263300.00
       1.5700000       264500.00
       1.5720000       267300.00
       1.5740000       261000.00
       1.5760000       253600.00
       1.5780000       254700.00
       1.5800000       265000.00
       1.5820000       259000.00
       1.5840000       259100.00
       1.5860000       259900.00
       1.5880000       249000.00
       1.5900000       240500.00
       1.5920000       252600.00
       1.5940000       258300.00
       1.5960000       250600.00
       1.5980000       254500.00
       1.6000000       251200.00
       1.6020000       248900.00
       1.6040000       249700.00
       1.6060000       247700.00
       1.6080000       249100.00
       1.6100000       240000.00
       1.6120000       243000.00
       1.6140000       244900.00
       1.6160000       237400.00
       1.6180000       242300.00
       1.6200000       236900.00
       1.6220000       238300.00
       1.6240000       241600.00
       1.6260000       240200.00
       1.6280000       241800.00
       1.6300000       239300.00
       1.6320000       238700.00
       1.6340000       235900.00
       1.6360000       235700.00
       1.6380000       227400.00
       1.6400000       226200.00
       1.6420000       226600.00
       1.6440000       227800.00
       1.6460000       229400.00
       1.6480000       229200.00
       1.6500000       227200.00
       1.6520000       226800.00
       1.6540000       226200.00
       1.6560000       226000.00
       1.6580000       225200.00
       1.6600000       224500.00
       1.6620000       224600.00
       1.6640000       222700.00
       1.6660000       221200.00
       1.6680000       219300.00
       1.6700000       222500.00
       1.6720000       217300.00
       1.6740000       219300.00
       1.6760000       216100.00
       1.6780000       216800.00
       1.6800000       208000.00
       1.6820000       205400.00
       1.6840000       212900.00
       1.6860000       213100.00
       1.6880000       212000.00
       1.6900000       210500.00
       1.6920000       212300.00
       1.6940000       211200.00
       1.6960000       210000.00
       1.6980000       208900.00
       1.7000000       206300.00
       1.7020000       204700.00
       1.7040000       205200.00
       1.7060000       205000.00
       1.7080000       201700.00
       1.7100000       201300.00
       1.7120000       198200.00
       1.7140000       203700.00
       1.7160000       202200.00
       1.7180000       201000.00
       1.7200000       199300.00
       1.7220000       197500.00
       1.7240000       195400.00
       1.7260000       198200.00
       1.7280000       197100.00
       1.7300000       198400.00
       1.7320000       193600.00
       1.7340000       187400.00
       1.7360000       182700.00
       1.7380000       186300.00
       1.7400000       190500.00
       1.7420000       190200.00
       1.7440000       190700.00
       1.7460000       186700.00
       1.7480000       187200.00
       1.7500000       185800.00
       1.7520000       185000.00
       1.7540000       185600.00
       1.7560000       184900.00
       1.7580000       184300.00
       1.7600000       183100.00
       1.7620000       179300.00
       1.7640000       180700.00
       1.7660000       181700.00
       1.7680000       180200.00
       1.7700000       179100.00
       1.7720000       179400.00
       1.7740000       179200.00
       1.7760000       176300.00
       1.7780000       174700.00
       1.7800000       175600.00
       1.7820000       174700.00
       1.7840000       173500.00
       1.7860000       173900.00
       1.7880000       174700.00
       1.7900000       173300.00
       1.7920000       172100.00
       1.7940000       170900.00
       1.7960000       170600.00
       1.7980000       170300.00
       1.8000000       169900.00
       1.8020000       167200.00
       1.8040000       168800.00
       1.8060000       168800.00
       1.8080000       168500.00
       1.8100000       168600.00
       1.8120000       167500.00
       1.8140000       165800.00
       1.8160000       160500.00
       1.8180000       152000.00
       1.8200000       159600.00
       1.8220000       159800.00
       1.8240000       162400.00
       1.8260000       162800.00
       1.8280000       161100.00
       1.8300000       160600.00
       1.8320000       159300.00
       1.8340000       158500.00
       1.8360000       158100.00
       1.8380000       156200.00
       1.8400000       156200.00
       1.8420000       154000.00
       1.8440000       154100.00
       1.8460000       153500.00
       1.8480000       151000.00
       1.8500000       154600.00
       1.8520000       153400.00
       1.8540000       152500.00
       1.8560000       150900.00
       1.8580000       152500.00
       1.8600000       150300.00
       1.8620000       150400.00
       1.8640000       150900.00
       1.8660000       149400.00
       1.8680000       149200.00
       1.8700000       150800.00
       1.8720000       147300.00
       1.8740000       140100.00
       1.8760000       129900.00
       1.8780000       144100.00
       1.8800000       146200.00
       1.8820000       147400.00
       1.8840000       146400.00
       1.8860000       143900.00
       1.8880000       145300.00
       1.8900000       142400.00
       1.8920000       140800.00
       1.8940000       139600.00
       1.8960000       137300.00
       1.8980000       139000.00
       1.9000000       139700.00
       1.9020000       140900.00
       1.9040000       138600.00
       1.9060000       139000.00
       1.9080000       137700.00
       1.9100000       137800.00
       1.9120000       135400.00
       1.9140000       137000.00
       1.9160000       136000.00
       1.9180000       135300.00
       1.9200000       133300.00
       1.9220000       135000.00
       1.9240000       134100.00
       1.9260000       134400.00
       1.9280000       132200.00
       1.9300000       131300.00
       1.9320000       130800.00
       1.9340000       132000.00
       1.9360000       132800.00
       1.9380000       132100.00
       1.9400000       129900.00
       1.9420000       129400.00
       1.9440000       120300.00
       1.9460000       119200.00
       1.9480000       127100.00
       1.9500000       126100.00
       1.9520000       125500.00
       1.9540000       128600.00
       1.9560000       127600.00
       1.9580000       127100.00
       1.9600000       126100.00
       1.9620000       124000.00
       1.9640000       122200.00
       1.9660000       123100.00
       1.9680000       124000.00
       1.9700000       123900.00
       1.9720000       121300.00
       1.9740000       120800.00
       1.9760000       122400.00
       1.9780000       119400.00
       1.9800000       119600.00
       1.9820000       120500.00
       1.9840000       119700.00
       1.9860000       117800.00
       1.9880000       119500.00
       1.9900000       119800.00
       1.9920000       118000.00
       1.9940000       116200.00
       1.9960000       117300.00
       1.9980000       115900.00
       2.0000000       117000.00
       2.0020000       116100.00
       2.0040000       114800.00
       2.0060000       114700.00
       2.0080000       115400.00
       2.0100000       114900.00
       2.0120000       114500.00
       2.0140000       113800.00
       2.0160000       113700.00
       2.0180000       113400.00
       2.0200000       111600.00
       2.0220000       110700.00
       2.0240000       111600.00
       2.0260000       111500.00
       2.0280000       110700.00
       2.0300000       108600.00
       2.0320000       109800.00
       2.0340000       109200.00
       2.0360000       108300.00
       2.0380000       106400.00
       2.0400000       107800.00
       2.0420000       107600.00
       2.0440000       107600.00
       2.0460000       107100.00
       2.0480000       106300.00
       2.0500000       105900.00
       2.0520000       104700.00
       2.0540000       104600.00
       2.0560000       104600.00
       2.0580000       104000.00
       2.0600000       102800.00
       2.0620000       102300.00
       2.0640000       100500.00
       2.0660000       102500.00
       2.0680000       101900.00
       2.0700000       100300.00
       2.0720000       100400.00
       2.0740000       100900.00
       2.0760000       100600.00
       2.0780000       100000.00
       2.0800000       98780.000
       2.0820000       98640.000
       2.0840000       97720.000
       2.0860000       98520.000
       2.0880000       98350.000
       2.0900000       97880.000
       2.0920000       95670.000
       2.0940000       95930.000
       2.0960000       95800.000
       2.0980000       96200.000
       2.1000000       96060.000
       2.1020000       95770.000
       2.1040000       95590.000
       2.1060000       95740.000
       2.1080000       95130.000
       2.1100000       93960.000
       2.1120000       94520.000
       2.1140000       94360.000
       2.1160000       93310.000
       2.1180000       93110.000
       2.1200000       92750.000
       2.1220000       92750.000
       2.1240000       91890.000
       2.1260000       92080.000
       2.1280000       92250.000
       2.1300000       92090.000
       2.1320000       92100.000
       2.1340000       91550.000
       2.1360000       90120.000
       2.1380000       91100.000
       2.1400000       90830.000
       2.1420000       90640.000
       2.1440000       90060.000
       2.1460000       89390.000
       2.1480000       89790.000
       2.1500000       89570.000
       2.1520000       89130.000
       2.1540000       88780.000
       2.1560000       88740.000
       2.1580000       88420.000
       2.1600000       87810.000
       2.1620000       86860.000
       2.1640000       84560.000
       2.1660000       78490.000
       2.1680000       83000.000
       2.1700000       85570.000
       2.1720000       85910.000
       2.1740000       85920.000
       2.1760000       85320.000
       2.1780000       84250.000
       2.1800000       84970.000
       2.1820000       84250.000
       2.1840000       84570.000
       2.1860000       84650.000
       2.1880000       82770.000
       2.1900000       83040.000
       2.1920000       83770.000
       2.1940000       83490.000
       2.1960000       83180.000
       2.1980000       82990.000
       2.2000000       82650.000
       2.2020000       82300.000
       2.2040000       82110.000
       2.2060000       79660.000
       2.2080000       79660.000
       2.2100000       80800.000
       2.2120000       81050.000
       2.2140000       80720.000
       2.2160000       79940.000
       2.2180000       79700.000
       2.2200000       79970.000
       2.2220000       79620.000
       2.2240000       79260.000
       2.2260000       78110.000
       2.2280000       78260.000
       2.2300000       78310.000
       2.2320000       78150.000
       2.2340000       78020.000
       2.2360000       77580.000
       2.2380000       76480.000
       2.2400000       76390.000
       2.2420000       76420.000
       2.2440000       76240.000
       2.2460000       76120.000
       2.2480000       75200.000
       2.2500000       75410.000
       2.2520000       75120.000
       2.2540000       74020.000
       2.2560000       74220.000
       2.2580000       74410.000
       2.2600000       74210.000
       2.2620000       72990.000
       2.2640000       73290.000
       2.2660000       73150.000
       2.2680000       73270.000
       2.2700000       72970.000
       2.2720000       72770.000
       2.2740000       72520.000
       2.2760000       72390.000
       2.2780000       72420.000
       2.2800000       71650.000
       2.2820000       70070.000
       2.2840000       71250.000
       2.2860000       71240.000
       2.2880000       71270.000
       2.2900000       71100.000
       2.2920000       70670.000
       2.2940000       69200.000
       2.2960000       69080.000
       2.2980000       69190.000
       2.3000000       69530.000
       2.3020000       69550.000
       2.3040000       69310.000
       2.3060000       69230.000
       2.3080000       69010.000
       2.3100000       68700.000
       2.3120000       68670.000
       2.3140000       68260.000
       2.3160000       67790.000
       2.3180000       67450.000
       2.3200000       67680.000
       2.3220000       66750.000
       2.3240000       65360.000
       2.3260000       65590.000
       2.3280000       66290.000
       2.3300000       66160.000
       2.3320000       65840.000
       2.3340000       65710.000
       2.3360000       65360.000
       2.3380000       64960.000
       2.3400000       65200.000
       2.3420000       65390.000
       2.3440000       65090.000
       2.3460000       64860.000
       2.3480000       64720.000
       2.3500000       64530.000
       2.3520000       62890.000
       2.3540000       62390.000
       2.3560000       62820.000
       2.3580000       62660.000
       2.3600000       63080.000
       2.3620000       63050.000
       2.3640000       62950.000
       2.3660000       62840.000
       2.3680000       62630.000
       2.3700000       62110.000
       2.3720000       62070.000
       2.3740000       60660.000
       2.3760000       61640.000
       2.3780000       61920.000
       2.3800000       61720.000
       2.3820000       60980.000
       2.3840000       58850.000
       2.3860000       59080.000
       2.3880000       60040.000
       2.3900000       60290.000
       2.3920000       60080.000
       2.3940000       60030.000
       2.3960000       59960.000
       2.3980000       59890.000
       2.4000000       59440.000
       2.4020000       59650.000
       2.4040000       59450.000
       2.4060000       59190.000
       2.4080000       59150.000
       2.4100000       59020.000
       2.4120000       58940.000
       2.4140000       57340.000
       2.4160000       55990.000
       2.4180000       57480.000
       2.4200000       57700.000
       2.4220000       57670.000
       2.4240000       57260.000
       2.4260000       57170.000
       2.4280000       57120.000
       2.4300000       57120.000
       2.4320000       57020.000
       2.4340000       56410.000
       2.4360000       56180.000
       2.4380000       55990.000
       2.4400000       56390.000
       2.4420000       56170.000
       2.4440000       56030.000
       2.4460000       54980.000
       2.4480000       54570.000
       2.4500000       54620.000
       2.4520000       54320.000
       2.4540000       54550.000
       2.4560000       53700.000
       2.4580000       53920.000
       2.4600000       54570.000
       2.4620000       54420.000
       2.4640000       54350.000
       2.4660000       54050.000
       2.4680000       53900.000
       2.4700000       52850.000
       2.4720000       53300.000
       2.4740000       53130.000
       2.4760000       53430.000
       2.4780000       53030.000
       2.4800000       51770.000
       2.4820000       51400.000
       2.4840000       52190.000
       2.4860000       51600.000
       2.4880000       51690.000
       2.4900000       52250.000
       2.4920000       51980.000
       2.4940000       51750.000
       2.4960000       51520.000
       2.4980000       51540.000
       2.5000000       51550.000
       2.5200000       49840.000
       2.5400000       48140.000
       2.5600000       46720.000
       2.5800000       45500.000
       2.6000000       44570.000
       2.6200000       43050.000
       2.6400000       42110.000
       2.6600000       40790.000
       2.6800000       39680.000
       2.7000000       38670.000
       2.7200000       37630.000
       2.7400000       36630.000
       2.7600000       35460.000
       2.7800000       34680.000
       2.8000000       33850.000
       2.8200000       32970.000
       2.8400000       32090.000
       2.8600000       31190.000
       2.8800000       30320.000
       2.9000000       29690.000
       2.9200000       28900.000
       2.9400000       28170.000
       2.9600000       27500.000
       2.9800000       26820.000
       3.0000000       26120.000
       3.0200000       25470.000
       3.0400000       24650.000
       3.0600000       24220.000
       3.0800000       23640.000
       3.1000000       23060.000
       3.1200000       22460.000
       3.1400000       21980.000
       3.1600000       21440.000
       3.1800000       20960.000
       3.2000000       20480.000
       3.2200000       20000.000
       3.2400000       19510.000
       3.2600000       19070.000
       3.2800000       18580.000
       3.3000000       18020.000
       3.3200000       17680.000
       3.3400000       17370.000
       3.3600000       16970.000
       3.3800000       16590.000
       3.4000000       16150.000
       3.4200000       15840.000
       3.4400000       15540.000
       3.4600000       15200.000
       3.4800000       14860.000
       3.5000000       14560.000
       3.5200000       14250.000
       3.5400000       13930.000
       3.5600000       13620.000
       3.5800000       13340.000
       3.6000000       13070.000
       3.6200000       12810.000
       3.6400000       12510.000
       3.6600000       12220.000
       3.6800000       11930.000
       3.7000000       11620.000
       3.7200000       11450.000
       3.7400000       11080.000
       3.7600000       10960.000
       3.7800000       10780.000
       3.8000000       10570.000
       3.8200000       10380.000
       3.8400000       10190.000
       3.8600000       9983.0000
       3.8800000       9782.0000
       3.9000000       9599.0000
       3.9200000       9427.0000
       3.9400000       9233.0000
       3.9600000       9032.0000
       3.9800000       8857.0000
       4.0000000       8669.0000
       4.0200000       8557.0000
       4.0400000       8385.0000
       4.0600000       8217.0000
       4.0800000       8054.0000
       4.1000000       7894.0000
       4.1200000       7739.0000
       4.1400000       7587.0000
       4.1600000       7439.0000
       4.1800000       7294.0000
       4.2000000       7153.0000
       4.2200000       7015.0000
       4.2400000       6881.0000
       4.2600000       6749.0000
       4.2800000       6621.0000
       4.3000000       6496.0000
       4.3200000       6374.0000
       4.3400000       6254.0000
       4.3600000       6138.0000
       4.3800000       6024.0000
       4.4000000       5913.0000
       4.4200000       5804.0000
       4.4400000       5698.0000
       4.4600000       5594.0000
       4.4800000       5492.0000
       4.5000000       5393.0000
       4.5200000       5296.0000
       4.5400000       5201.0000
       4.5600000       5108.0000
       4.5800000       5018.0000
       4.6000000       4929.0000
       4.6200000       4842.0000
       4.6400000       4757.0000
       4.6600000       4674.0000
       4.6800000       4593.0000
       4.7000000       4514.0000
       4.7200000       4436.0000
       4.7400000       4360.0000
       4.7600000       4285.0000
       4.7800000       4212.0000
       4.8000000       4141.0000
       4.8200000       4071.0000
       4.8400000       4003.0000
       4.8600000       3936.0000
       4.8800000       3870.0000
       4.9000000       3806.0000
       4.9200000       3743.0000
       4.9400000       3681.0000
       4.9600000       3621.0000
       4.9800000       3562.0000
       5.0000000       3504.0000
       5.0500000       3394.0000
       5.1000000       3267.0000
       5.1500000       3146.0000
       5.2000000       3030.0000
       5.2500000       2920.0000
       5.3000000       2815.0000
       5.3500000       2715.0000
       5.4000000       2619.0000
       5.4500000       2527.0000
       5.5000000       2439.0000
       5.5500000       2355.0000
       5.6000000       2275.0000
       5.6500000       2198.0000
       5.7000000       2124.0000
       5.7500000       2054.0000
       5.8000000       1986.0000
       5.8500000       1921.0000
       5.9000000       1859.0000
       5.9500000       1799.0000
       6.0000000       1742.0000
       6.0500000       1687.0000
       6.1000000       1634.0000
       6.1500000       1583.0000
       6.2000000       1534.0000
       6.2500000       1487.0000
       6.3000000       1442.0000
       6.3500000       1399.0000
       6.4000000       1357.0000
       6.4500000       1317.0000
       6.5000000       1278.0000
       6.5500000       1240.0000
       6.6000000       1204.0000
       6.6500000       1170.0000
       6.7000000       1136.0000
       6.7500000       1104.0000
       6.8000000       1073.0000
       6.8500000       1043.0000
       6.9000000       1014.0000
       6.9500000       986.20000
       7.0000000       959.20000
       7.0500000       933.10000
       7.1000000       908.00000
       7.1500000       883.60000
       7.2000000       860.10000
       7.2500000       837.40000
       7.3000000       815.40000
       7.3500000       794.20000
       7.4000000       773.60000
       7.4500000       753.70000
       7.5000000       734.40000
       7.5500000       715.80000
       7.6000000       697.70000
       7.6500000       680.20000
       7.7000000       663.30000
       7.7500000       646.90000
       7.8000000       631.00000
       7.8500000       615.60000
       7.9000000       600.60000
       7.9500000       586.20000
       8.0000000       572.10000
       8.0500000       558.50000
       8.1000000       545.30000
       8.1500000       532.40000
       8.2000000       520.00000
       8.2500000       507.90000
       8.3000000       496.10000
       8.3500000       484.70000
       8.4000000       473.70000
       8.4500000       462.90000
       8.5000000       452.50000
       8.5500000       442.30000
       8.6000000       432.40000
       8.6500000       422.80000
       8.7000000       413.50000
       8.7500000       404.40000
       8.8000000       395.60000
       8.8500000       387.00000
       8.9000000       378.70000
       8.9500000       370.60000
       9.0000000       362.70000
       9.0500000       355.00000
       9.1000000       347.50000
       9.1500000       340.20000
       9.2000000       333.10000
       9.2500000       326.20000
       9.3000000       319.50000
       9.3500000       312.90000
       9.4000000       306.50000
       9.4500000       300.30000
       9.5000000       294.20000
       9.5500000       288.30000
       9.6000000       282.50000
       9.6500000       276.90000
       9.7000000       271.40000
       9.7500000       266.10000
       9.8000000       260.80000
       9.8500000       255.80000
       9.9000000       250.80000
       9.9500000       246.00000
       10.000000       241.20000
       11.000000       163.50000
       12.000000       115.20000
       13.000000       83.400000
       14.000000       61.900000
       15.000000       46.900000
       16.000000       36.100000
       17.000000       28.300000
       18.000000       22.500000
       19.000000       18.100000
       20.000000       14.700000
       25.000000       6.0500000
       30.000000       2.9300000
       35.000000       1.5800000
       40.000000      0.93100000
       50.000000      0.38300000
       60.000000      0.18500000
       80.000000     0.058800000
       100.00000     0.024200000
       120.00000     0.011700000
       150.00000    0.0048100000
       200.00000    0.0015300000
       250.00000   0.00062800000
       300.00000   0.00029500000
       400.00000   0.00010100000
       1000.0000   3.3800000e-06
